OTUID	A1	A2	A3	B1	B2	B3	C1	C2	C3
OTU0002	12577	45386	31975	26309	60741	14489	17352	49108	22893
OTU0001	50063	8526	17795	27125	2213	34595	67720	9746	16155
OTU0006	1076	4706	6513	9069	5542	3513	368	2108	7771
OTU0003	1467	481	7278	4149	3100	12355	1079	1669	6738
OTU0005	4164	11364	2802	3832	914	2798	753	3040	7981
OTU0004	31	341	3009	170	1237	6344	134	124	8096
OTU0015	6422	325	2226	1941	93	3156	65	643	3301
OTU0008	1810	34	594	807	2253	2117	145	2191	3096
OTU0007	1375	49	1366	849	1406	1245	131	1798	1040
OTU0010	3329	52	952	1396	760	762	149	569	963
OTU0009	491	284	1930	1073	1297	1144	24	777	1771
OTU0013	104	2401	553	261	2825	95	7	1716	28
OTU0011	1209	984	814	1055	262	718	185	587	1423
OTU0034	8	4372	16	198	1151	1	4	1249	33
OTU0012	685	1125	1168	679	339	482	114	812	1080
OTU0043	978	147	390	2568	22	302	9	30	1059
OTU0028	3	656	489	56	400	445	64	2762	130
OTU0014	119	658	392	104	40	6	11	3616	27
OTU0016	203	27	234	300	799	142	11	635	451
OTU0031	239	16	165	372	5	1213	227	38	354
OTU0017	85	720	282	243	248	84	43	304	369
OTU0024	77	46	529	609	85	303	103	113	435
OTU0027	70	654	201	183	136	52	21	329	348
OTU0030	73	386	342	164	365	39	21	289	139
OTU0072	293	35	186	761	14	62	4	11	284
OTU0324	0	15	1573	12	4	0	0	0	0
OTU0020	2	2	18	3	61	164	2	1225	23
OTU0076	0	405	903	33	43	0	0	77	5
OTU0018	357	119	132	242	8	158	127	38	249
OTU0021	322	122	129	187	1	131	143	32	201
OTU0026	10	15	95	18	171	521	21	47	262
OTU0022	335	66	164	205	8	77	119	68	103
OTU0029	138	96	102	157	26	151	2	25	440
OTU0019	131	16	120	131	16	399	82	24	155
OTU0102	0	432	74	10	254	0	0	127	0
OTU0038	202	12	141	106	13	60	0	56	215
OTU0130	93	7	90	505	3	45	6	3	48
OTU0087	0	336	65	17	256	0	0	125	0
OTU0023	27	10	128	69	10	199	2	19	326
OTU0065	0	344	1	17	272	0	0	145	3
OTU0193	4	1	2	729	10	1	18	1	1
OTU0035	114	78	71	82	18	99	0	31	246
OTU0051	70	107	20	31	24	30	244	125	23
OTU0036	19	143	86	41	264	15	0	104	1
OTU2299	1	6	644	1	0	0	0	0	0
OTU0039	211	0	32	70	21	64	16	93	89
OTU0032	57	23	62	47	8	124	3	13	232
OTU0109	0	371	3	16	24	3	0	55	14
OTU0054	2	123	26	6	227	2	0	85	3
OTU0037	124	36	38	76	1	58	49	5	48
OTU0033	20	46	88	38	20	52	0	40	121
OTU0096	48	5	36	89	17	153	5	17	50
OTU0025	46	1	31	177	4	1	41	0	98
OTU0041	35	3	125	63	10	47	1	9	69
OTU0059	8	51	139	30	5	6	1	82	28
OTU0040	16	0	36	37	22	121	3	23	87
OTU0080	1	137	102	18	35	0	0	39	1
OTU0046	6	5	69	23	42	106	0	29	40
OTU0064	0	41	58	2	43	28	6	126	10
OTU0273	0	0	1	161	1	0	121	0	30
OTU0066	8	75	25	11	104	3	1	72	2
OTU0060	2	66	33	9	133	3	0	52	0
OTU0048	5	171	26	9	21	7	0	53	4
OTU0588	0	123	13	11	49	0	0	92	1
OTU0606	0	0	0	281	1	0	3	0	0
OTU0268	1	107	29	3	92	0	0	30	0
OTU0125	0	4	8	1	3	1	4	238	0
OTU0053	21	2	44	15	46	23	1	55	49
OTU0049	47	69	23	24	2	10	2	5	57
OTU0050	35	0	36	48	12	47	4	15	23
OTU0627	0	0	0	210	2	0	3	0	0
OTU0052	4	118	25	11	27	3	0	20	6
OTU0191	0	51	110	10	17	0	0	22	1
OTU0589	1	71	121	3	5	0	0	10	0
OTU0042	26	20	27	67	17	7	7	4	32
OTU0192	0	79	24	4	22	1	1	75	1
OTU0122	0	36	25	1	49	5	4	75	9
OTU0044	7	85	29	7	37	2	0	30	1
OTU0045	1	4	32	21	53	23	0	21	32
OTU0073	0	21	25	6	10	36	17	52	8
OTU0055	0	89	5	12	7	0	1	46	3
OTU0658	0	0	0	159	2	0	2	0	0
OTU0047	42	3	20	18	0	28	4	7	37
OTU0069	10	10	32	20	33	4	0	24	26
OTU0142	14	17	1	1	5	0	101	18	1
OTU0082	0	43	13	3	73	0	0	25	0
OTU0057	12	2	36	13	17	38	0	16	20
OTU0085	0	15	17	1	18	14	3	79	1
OTU0081	52	13	13	33	2	11	0	14	7
OTU0146	14	1	9	24	1	25	0	1	60
OTU0078	6	0	36	10	1	41	2	2	25
OTU0061	1	4	9	2	0	0	0	106	0
OTU0209	0	0	1	53	2	0	48	0	14
OTU0063	25	10	7	5	6	23	28	6	2
OTU0094	9	51	16	7	11	1	7	8	0
OTU0145	0	73	1	0	7	2	1	21	0
OTU0625	0	0	103	0	2	0	0	0	0
OTU1619	0	1	2	2	2	0	3	95	0
OTU2148	0	2	101	0	1	0	0	0	0
OTU0133	69	0	6	17	0	4	0	0	7
OTU0110	10	4	3	1	3	8	59	7	1
OTU0134	0	12	16	4	25	2	0	34	3
OTU0633	0	0	0	95	0	0	0	0	0
OTU0301	13	1	19	35	0	9	0	1	15
OTU0599	0	72	0	0	0	0	0	18	0
OTU0056	8	1	2	43	0	1	28	0	4
OTU0083	1	0	4	63	0	0	9	1	7
OTU0104	15	44	9	5	9	0	1	1	0
OTU0645	0	0	0	84	0	0	0	0	0
OTU0143	0	20	0	7	35	0	0	20	1
OTU0127	0	22	9	3	21	0	0	0	0
OTU0141	0	13	22	5	36	0	0	0	0
OTU0190	0	51	4	0	16	0	0	0	0
OTU0618	2	25	9	9	21	0	0	0	0
OTU0068	2	1	23	6	4	16	0	0	0
OTU0161	0	19	16	1	21	2	0	0	0
OTU0079	4	2	5	1	0	0	0	0	0
OTU0118	0	19	6	2	5	4	0	0	0
OTU0620	0	29	2	0	28	1	0	0	0
OTU0075	1	0	15	7	2	19	0	0	0
OTU0284	0	24	1	0	2	0	0	0	0
OTU1224	0	0	65	2	3	0	0	0	0
OTU0074	0	15	5	4	28	3	0	0	0
OTU0129	1	35	6	2	10	2	0	0	0
OTU0058	6	0	5	2	16	8	0	0	0
OTU0091	3	1	2	0	15	6	0	0	0
OTU0144	0	13	5	0	12	2	0	0	0
OTU0077	11	1	18	7	0	8	0	0	0
OTU0592	1	29	15	3	1	0	0	0	0
OTU0267	0	34	0	1	17	0	0	0	0
OTU0280	0	9	9	0	37	0	0	0	0
OTU0111	3	35	12	1	5	0	0	0	0
OTU0088	0	19	6	2	21	0	0	0	0
OTU0067	4	0	0	23	0	0	0	0	0
OTU0097	2	13	5	1	2	13	0	0	0
OTU0105	3	0	17	9	11	0	0	0	0
OTU0198	5	3	4	10	18	1	0	0	0
OTU0116	4	28	4	5	7	0	0	0	0
OTU0426	0	1	48	0	0	0	0	0	0
OTU0086	16	3	5	5	4	7	0	0	0
OTU0132	0	13	4	0	10	1	0	0	0
OTU0604	0	18	1	0	16	0	0	0	0
OTU0660	0	11	6	0	0	8	0	0	0
OTU1104	0	0	0	45	0	0	0	0	0
OTU0090	5	1	12	8	9	0	0	0	0
OTU0641	0	36	1	2	2	0	0	0	0
OTU0113	5	7	8	10	3	1	0	0	0
OTU0704	0	0	0	43	0	0	0	0	0
OTU0062	2	13	8	4	6	1	0	0	0
OTU0089	1	4	11	5	6	3	0	0	0
OTU0117	0	9	4	1	24	2	0	0	0
OTU0099	10	1	11	11	3	2	0	0	0
OTU0154	0	7	6	1	12	2	0	0	0
OTU0266	0	17	15	3	3	0	0	0	0
OTU0206	0	5	7	0	7	0	0	0	0
OTU0677	0	21	0	0	3	0	0	0	0
OTU0772	0	0	0	40	0	0	0	0	0
OTU0093	1	0	15	13	1	6	0	0	0
OTU0107	6	0	8	8	2	5	0	0	0
OTU0593	0	1	36	1	0	0	0	0	0
OTU0112	1	4	7	0	16	6	0	0	0
OTU0213	0	5	4	0	2	2	0	0	0
OTU0591	0	17	3	0	6	0	0	0	0
OTU1620	0	0	0	0	0	0	0	0	0
OTU0605	0	21	11	1	0	0	0	0	0
OTU0279	0	3	8	0	19	0	0	0	0
OTU0622	0	25	0	0	3	0	0	0	0
OTU0640	0	16	0	0	9	0	0	0	0
OTU0628	0	15	4	1	5	0	0	0	0
OTU0705	7	0	1	5	9	5	0	0	0
OTU0169	1	0	8	0	2	11	0	0	0
OTU0106	0	3	4	0	0	14	0	0	0
OTU0135	4	0	5	1	3	3	0	0	0
OTU0205	2	0	12	1	4	0	0	0	0
OTU0224	0	5	3	1	0	3	0	0	0
OTU0333	0	2	6	1	1	3	0	0	0
OTU0711	0	10	3	1	9	0	0	0	0
OTU0162	0	19	0	0	1	1	0	0	0
OTU1624	0	8	1	1	10	0	0	0	0
OTU0092	7	0	5	3	2	4	0	0	0
OTU0173	7	0	2	9	0	4	0	0	0
OTU1637	0	2	9	1	14	0	0	0	0
OTU0071	0	0	0	13	0	2	0	0	0
OTU0600	0	18	1	0	6	0	0	0	0
OTU0114	0	0	6	0	2	5	0	0	0
OTU0219	5	0	0	0	0	21	0	0	0
OTU0678	0	10	2	0	2	0	0	0	0
OTU0140	1	8	4	0	6	1	0	0	0
OTU0189	0	2	0	5	2	1	0	0	0
OTU0196	0	3	2	0	14	1	0	0	0
OTU0226	0	0	2	4	7	0	0	0	0
OTU0594	0	14	0	1	6	0	0	0	0
OTU0771	0	0	0	26	0	0	0	0	0
OTU0302	4	0	7	1	7	2	0	0	0
OTU0624	0	15	0	0	0	0	0	0	0
OTU0668	0	17	0	1	7	0	0	0	0
OTU0776	0	0	11	14	0	0	0	0	0
OTU0153	1	1	9	3	1	2	0	0	0
OTU0270	0	9	2	7	2	0	0	0	0
OTU0139	0	9	2	0	0	2	0	0	0
OTU0149	3	1	5	6	1	4	0	0	0
OTU0230	8	0	1	3	1	2	0	0	0
OTU0306	0	0	0	0	0	0	0	0	0
OTU0307	9	0	3	1	0	6	0	0	0
OTU0356	0	2	1	0	0	0	0	0	0
OTU0372	0	1	9	1	2	5	0	0	0
OTU0598	0	12	0	0	8	0	0	0	0
OTU0665	0	9	0	0	10	0	0	0	0
OTU0774	4	0	5	5	0	0	0	0	0
OTU0070	0	1	2	2	3	3	0	0	0
OTU0123	1	1	8	4	0	3	0	0	0
OTU0124	2	0	5	2	2	5	0	0	0
OTU0131	9	1	1	0	0	9	0	0	0
OTU0271	0	5	1	0	8	0	0	0	0
OTU0799	0	9	2	0	3	0	0	0	0
OTU1105	0	0	0	21	0	0	0	0	0
OTU2470	0	0	22	0	0	0	0	0	0
OTU0371	0	1	0	0	0	0	0	0	0
OTU1138	3	1	2	8	1	1	0	0	0
OTU2471	0	0	21	0	0	0	0	0	0
OTU0103	1	6	6	0	5	2	0	0	0
OTU0126	3	1	7	3	0	3	0	0	0
OTU0163	0	7	4	0	2	0	0	0	0
OTU0214	1	2	3	0	3	5	0	0	0
OTU0646	0	13	0	0	0	0	0	0	0
OTU1191	0	0	5	2	0	0	0	0	0
OTU1629	0	1	3	1	11	0	0	0	0
OTU0165	1	4	7	1	0	0	0	0	0
OTU0276	0	5	2	0	8	0	0	0	0
OTU0402	1	15	0	1	1	1	0	0	0
OTU0709	0	12	1	0	0	0	0	0	0
OTU0775	0	0	0	19	0	0	0	0	0
OTU0098	0	0	9	1	6	2	0	0	0
OTU0180	1	4	2	2	1	0	0	0	0
OTU0204	0	5	1	1	6	1	0	0	0
OTU0357	11	0	2	2	0	0	0	0	0
OTU0608	0	14	0	2	1	0	0	0	0
OTU0710	0	1	0	0	2	0	0	0	0
OTU1621	0	0	0	0	0	0	0	0	0
OTU1622	0	0	0	0	0	0	0	0	0
OTU0156	0	0	8	0	3	3	0	0	0
OTU0221	3	0	5	2	0	4	0	0	0
OTU0381	0	7	6	2	1	0	0	0	0
OTU0664	0	6	0	0	5	0	0	0	0
OTU0790	0	0	6	2	0	3	0	0	0
OTU1114	0	0	0	17	0	0	0	0	0
OTU1903	8	0	2	2	0	3	0	0	0
OTU0150	4	0	0	4	0	0	0	0	0
OTU0181	2	0	2	5	1	4	0	0	0
OTU0243	0	1	2	0	2	0	0	0	0
OTU0290	2	2	3	0	3	1	0	0	0
OTU0295	0	0	0	0	8	1	0	0	0
OTU0325	1	0	1	2	3	2	0	0	0
OTU0351	0	5	2	0	0	0	0	0	0
OTU0373	0	0	6	0	4	1	0	0	0
OTU0597	0	9	1	0	6	0	0	0	0
OTU1623	0	0	0	0	0	3	0	0	0
OTU0151	2	0	0	5	1	2	0	0	0
OTU0160	2	0	2	0	0	10	0	0	0
OTU0179	4	0	1	1	2	0	0	0	0
OTU0679	0	4	2	0	4	0	0	0	0
OTU1230	0	0	0	15	0	0	0	0	0
OTU0120	1	0	2	10	0	0	0	0	0
OTU0166	1	3	5	1	1	2	0	0	0
OTU0170	0	3	1	0	7	2	0	0	0
OTU0175	4	0	0	2	1	0	0	0	0
OTU0201	1	1	4	0	0	2	0	0	0
OTU0281	0	14	0	0	0	0	0	0	0
OTU0603	0	14	0	0	0	0	0	0	0
OTU1113	0	0	0	14	0	0	0	0	0
OTU1119	2	0	0	0	1	10	0	0	0
OTU1142	0	0	0	10	0	0	0	0	0
OTU0084	2	0	3	4	0	1	0	0	0
OTU0121	6	0	1	1	0	0	0	0	0
OTU0128	1	0	3	1	0	0	0	0	0
OTU0171	1	2	3	5	2	0	0	0	0
OTU0203	3	4	0	0	0	0	0	0	0
OTU1124	0	0	0	13	0	0	0	0	0
OTU1212	0	0	0	4	0	0	0	0	0
OTU0101	1	0	4	3	0	2	0	0	0
OTU0136	0	0	2	0	3	4	0	0	0
OTU0194	0	5	4	1	0	0	0	0	0
OTU0195	0	6	0	3	0	0	0	0	0
OTU0212	0	0	1	0	3	1	0	0	0
OTU0215	0	1	1	0	0	5	0	0	0
OTU0223	0	0	0	0	1	3	0	0	0
OTU0227	0	0	2	0	1	2	0	0	0
OTU0285	0	2	0	0	0	0	0	0	0
OTU0304	0	6	2	2	0	0	0	0	0
OTU0308	1	5	1	1	0	0	0	0	0
OTU0595	0	7	0	2	1	0	0	0	0
OTU0629	0	8	0	1	0	0	0	0	0
OTU0666	0	8	0	0	3	0	0	0	0
OTU1625	0	2	3	0	0	0	0	0	0
OTU1632	0	8	0	0	0	0	0	0	0
OTU0100	0	0	1	0	2	6	0	0	0
OTU0138	0	0	2	3	4	1	0	0	0
OTU0237	0	1	5	0	0	2	0	0	0
OTU0337	2	0	3	2	0	3	0	0	0
OTU0642	0	6	0	0	4	0	0	0	0
OTU0712	0	2	0	0	3	0	0	0	0
OTU0801	0	0	5	0	0	0	0	0	0
OTU1120	2	1	4	3	0	0	0	0	0
OTU1438	0	8	0	0	0	0	0	0	0
OTU1455	0	1	2	2	2	2	0	0	0
OTU1990	0	0	1	0	0	10	0	0	0
OTU1991	1	0	2	1	0	7	0	0	0
OTU2472	0	0	11	0	0	0	0	0	0
OTU0172	0	0	0	5	1	0	0	0	0
OTU0239	0	1	0	1	1	6	0	0	0
OTU0294	1	0	4	1	0	3	0	0	0
OTU0334	0	1	1	0	0	3	0	0	0
OTU0335	0	0	0	1	0	4	0	0	0
OTU0634	0	6	0	0	0	0	0	0	0
OTU0643	0	8	1	0	0	0	0	0	0
OTU0661	1	0	1	2	5	0	0	0	0
OTU0706	0	1	0	9	0	0	0	0	0
OTU0727	0	8	0	0	2	0	0	0	0
OTU0803	0	4	2	0	1	0	0	0	0
OTU2284	0	0	0	10	0	0	0	0	0
OTU0137	1	0	2	0	0	1	0	0	0
OTU0296	1	1	0	0	2	1	0	0	0
OTU0329	0	0	0	0	1	3	0	0	0
OTU0332	4	0	1	0	1	0	0	0	0
OTU0602	0	6	1	0	1	0	0	0	0
OTU0659	1	2	1	3	1	0	0	0	0
OTU0780	0	0	3	1	0	4	0	0	0
OTU0855	0	0	9	0	0	0	0	0	0
OTU1144	5	0	1	0	0	3	0	0	0
OTU1189	0	4	0	0	3	0	0	0	0
OTU1192	0	0	4	1	0	0	0	0	0
OTU1436	0	0	3	0	0	1	0	0	0
OTU1646	0	4	0	0	2	1	0	0	0
OTU2290	0	0	7	2	0	0	0	0	0
OTU2473	0	0	9	0	0	0	0	0	0
OTU2474	0	1	8	0	0	0	0	0	0
OTU0095	1	1	4	1	0	0	0	0	0
OTU0233	0	0	2	0	0	1	0	0	0
OTU0269	1	4	0	0	3	0	0	0	0
OTU0283	0	2	2	0	2	0	0	0	0
OTU0291	0	3	1	0	0	0	0	0	0
OTU0292	1	3	0	1	3	0	0	0	0
OTU0327	2	0	3	0	0	0	0	0	0
OTU0331	4	0	1	1	0	0	0	0	0
OTU0354	0	1	1	4	0	0	0	0	0
OTU0380	2	3	0	0	0	2	0	0	0
OTU0417	0	6	0	2	0	0	0	0	0
OTU0615	0	5	0	0	2	0	0	0	0
OTU0691	0	8	0	0	0	0	0	0	0
OTU0718	1	0	0	6	0	0	0	0	0
OTU0800	0	0	0	0	0	0	0	0	0
OTU0802	0	3	1	0	0	0	0	0	0
OTU0804	0	5	0	0	0	0	0	0	0
OTU0805	0	1	1	3	1	0	0	0	0
OTU0814	0	4	2	0	1	0	0	0	0
OTU1163	0	0	0	8	0	0	0	0	0
OTU1203	0	0	1	0	0	0	0	0	0
OTU1434	0	0	2	0	0	2	0	0	0
OTU1626	0	0	1	0	0	0	0	0	0
OTU1627	0	1	0	0	0	0	0	0	0
OTU1642	0	0	4	1	0	0	0	0	0
OTU1648	0	0	2	0	4	0	0	0	0
OTU1994	5	0	0	1	0	2	0	0	0
OTU2132	0	3	2	0	3	0	0	0	0
OTU2475	0	0	8	0	0	0	0	0	0
OTU2476	0	0	8	0	0	0	0	0	0
OTU0108	0	0	1	3	0	1	1	0	1
OTU0147	1	0	2	0	3	1	0	0	0
OTU0148	1	1	1	2	0	0	0	2	0
OTU0178	1	0	3	1	0	0	0	2	0
OTU0197	0	2	2	0	0	0	0	3	0
OTU0222	0	0	1	1	1	0	0	0	4
OTU0225	0	2	1	0	0	0	0	2	2
OTU0235	0	0	1	0	0	4	0	0	2
OTU0238	0	2	0	0	3	0	0	1	1
OTU0277	0	0	4	1	1	0	0	1	0
OTU0297	0	1	2	0	1	0	0	3	0
OTU0303	1	0	1	4	0	1	0	0	0
OTU0330	0	0	0	0	2	1	0	1	3
OTU0336	0	0	2	1	0	1	0	1	2
OTU0339	0	1	1	0	0	0	0	5	0
OTU0350	0	0	3	1	0	0	0	0	3
OTU0686	2	1	1	0	0	2	1	0	0
OTU0713	0	2	0	0	2	0	0	3	0
OTU0719	0	5	1	0	0	0	0	1	0
OTU1154	1	0	2	0	0	1	0	0	3
OTU1158	0	1	4	0	1	0	0	1	0
OTU1166	5	0	0	2	0	0	0	0	0
OTU1193	0	0	0	4	0	0	2	0	1
OTU1638	0	1	0	1	2	0	0	3	0
OTU1639	0	0	2	0	2	0	0	3	0
OTU1641	0	2	1	0	1	0	0	3	0
OTU1676	2	0	2	1	0	0	1	1	0
OTU1906	0	0	1	1	0	4	1	0	0
OTU2285	0	1	3	3	0	0	0	0	0
OTU2477	0	0	7	0	0	0	0	0	0
OTU2478	0	0	7	0	0	0	0	0	0
OTU0155	0	0	1	1	0	0	0	2	2
OTU0157	1	0	0	1	0	2	0	0	2
OTU0174	0	0	0	1	3	0	0	2	0
OTU0182	0	0	0	1	2	1	0	0	2
OTU0200	0	2	0	0	3	1	0	0	0
OTU0210	0	0	2	1	1	0	0	0	2
OTU0234	0	0	2	0	0	1	0	0	3
OTU0274	0	4	1	1	0	0	0	0	0
OTU0286	0	2	1	0	2	0	0	1	0
OTU0289	0	0	3	2	0	0	1	0	0
OTU0358	0	0	2	1	0	1	0	1	1
OTU0374	0	0	0	0	1	2	0	3	0
OTU0382	1	0	1	2	1	0	0	1	0
OTU0383	0	2	1	1	1	0	0	1	0
OTU0720	0	5	0	0	0	0	0	1	0
OTU0806	0	3	0	0	1	0	0	2	0
OTU0824	0	0	3	0	0	1	2	0	0
OTU0832	0	3	2	0	1	0	0	0	0
OTU1107	0	0	0	5	0	0	1	0	0
OTU1130	0	0	0	6	0	0	0	0	0
OTU1131	4	0	1	1	0	0	0	0	0
OTU1159	0	0	0	2	0	0	4	0	0
OTU1452	1	0	1	0	0	0	0	3	1
OTU1466	1	0	1	1	0	2	0	0	1
OTU1470	0	0	4	0	0	1	0	0	1
OTU1628	0	0	1	0	0	0	0	5	0
OTU1630	0	0	1	0	1	0	0	4	0
OTU1658	0	4	0	0	0	0	0	2	0
OTU1694	0	0	0	5	0	0	0	1	0
OTU2005	1	0	3	1	0	1	0	0	0
OTU2479	0	0	6	0	0	0	0	0	0
OTU2890	6	0	0	0	0	0	0	0	0
OTU2891	6	0	0	0	0	0	0	0	0
OTU0176	1	0	0	3	0	0	0	1	0
OTU0202	1	3	0	0	0	0	1	0	0
OTU0218	0	5	0	0	0	0	0	0	0
OTU0228	0	0	1	0	1	0	0	3	0
OTU0278	1	2	0	2	0	0	0	0	0
OTU0312	0	0	1	2	1	0	0	1	0
OTU0313	0	0	0	0	4	1	0	0	0
OTU0328	1	0	1	2	0	0	0	0	1
OTU0338	1	0	1	1	0	1	0	0	1
OTU0340	0	0	0	0	0	2	3	0	0
OTU0349	1	0	0	0	0	1	0	0	3
OTU0376	0	1	1	0	1	0	0	2	0
OTU0378	0	1	1	0	0	2	0	1	0
OTU0410	0	0	3	1	1	0	0	0	0
OTU0596	0	0	0	2	0	0	0	3	0
OTU0611	0	2	1	1	1	0	0	0	0
OTU0619	0	5	0	0	0	0	0	0	0
OTU0630	0	3	0	0	0	0	0	2	0
OTU0649	0	2	0	0	3	0	0	0	0
OTU0716	0	2	0	1	1	0	0	1	0
OTU0725	1	1	0	1	2	0	0	0	0
OTU0731	0	4	0	0	1	0	0	0	0
OTU0785	0	0	4	0	0	0	1	0	0
OTU0791	0	0	1	0	1	0	0	0	3
OTU0793	1	0	0	0	1	0	0	2	1
OTU0831	0	1	0	3	1	0	0	0	0
OTU0866	0	5	0	0	0	0	0	0	0
OTU0867	1	4	0	0	0	0	0	0	0
OTU1155	1	0	0	1	0	0	0	0	3
OTU1156	0	0	1	1	0	0	0	1	2
OTU1157	0	0	0	2	0	2	0	0	0
OTU1195	1	0	2	0	0	1	0	0	0
OTU1206	1	0	0	1	0	2	0	0	0
OTU1215	2	0	1	0	0	2	0	0	0
OTU1445	3	0	0	0	0	0	0	0	0
OTU1465	0	0	0	2	0	2	0	0	0
OTU1485	0	1	1	2	0	0	0	0	0
OTU1631	0	0	1	0	0	0	0	0	0
OTU1640	0	0	0	0	2	0	0	0	0
OTU1647	0	0	2	0	0	1	0	0	0
OTU1649	0	0	1	0	2	0	0	0	0
OTU1650	0	1	1	0	1	0	0	0	0
OTU1654	0	1	1	1	0	0	0	0	0
OTU1682	0	0	0	1	3	0	0	0	0
OTU1683	0	2	1	0	1	0	0	0	0
OTU1695	2	0	0	2	0	0	0	0	0
OTU1709	0	4	0	0	0	0	0	0	0
OTU1993	0	0	2	0	0	3	0	0	0
OTU1999	0	0	0	0	4	1	0	0	0
OTU2001	3	0	0	0	1	1	0	0	0
OTU2480	0	0	5	0	0	0	0	0	0
OTU2715	0	5	0	0	0	0	0	0	0
OTU0158	0	0	1	0	1	0	0	0	0
OTU0168	1	0	1	2	0	0	0	0	0
OTU0220	0	0	0	0	0	1	0	0	0
OTU0236	0	0	1	1	0	0	0	0	0
OTU0240	0	0	0	1	0	2	0	0	0
OTU0242	0	3	0	0	0	0	0	0	0
OTU0244	0	0	0	0	0	0	0	0	0
OTU0245	0	0	0	0	3	0	0	0	0
OTU0250	0	1	1	1	0	1	0	0	0
OTU0287	1	2	0	0	1	0	0	0	0
OTU0353	0	0	0	1	0	0	0	0	0
OTU0375	0	1	0	0	0	0	0	0	0
OTU0379	0	0	1	0	0	2	0	0	0
OTU0386	0	1	1	1	0	0	0	0	0
OTU0400	0	1	1	0	0	2	0	0	0
OTU0631	0	3	0	1	0	0	0	0	0
OTU0644	0	1	1	2	0	0	0	0	0
OTU0669	0	4	0	0	0	0	0	0	0
OTU0676	0	0	1	0	0	0	0	0	0
OTU0682	0	1	2	0	0	0	0	0	0
OTU0688	0	3	0	0	1	0	0	0	0
OTU0692	0	4	0	0	0	0	0	0	0
OTU0703	0	0	0	4	0	0	0	0	0
OTU0715	0	2	0	0	0	1	0	0	0
OTU0721	0	3	0	0	0	0	0	0	0
OTU0726	0	0	2	0	2	0	0	0	0
OTU0783	0	0	1	1	0	0	0	0	0
OTU0792	0	0	0	0	0	0	0	0	0
OTU0828	1	1	0	0	1	1	0	0	0
OTU0833	0	3	0	0	1	0	0	0	0
OTU0845	1	1	0	2	0	0	0	0	0
OTU0856	0	0	4	0	0	0	0	0	0
OTU1128	0	0	1	2	0	0	0	0	0
OTU1139	0	0	0	3	0	0	0	0	0
OTU1164	0	0	0	4	0	0	0	0	0
OTU1165	0	0	0	4	0	0	0	0	0
OTU1198	1	0	2	0	0	0	0	0	0
OTU1208	0	0	1	2	0	0	0	0	0
OTU1210	0	3	0	0	0	0	0	0	0
OTU1223	0	0	0	0	4	0	0	0	0
OTU1233	0	1	2	1	0	0	0	0	0
OTU1249	0	3	1	0	0	0	0	0	0
OTU1435	0	0	0	0	0	0	0	0	0
OTU1437	0	0	0	0	0	0	0	0	0
OTU1440	0	0	1	0	1	0	0	0	0
OTU1441	0	0	1	1	0	0	0	0	0
OTU1453	0	0	1	0	0	0	0	0	0
OTU1456	0	0	0	0	0	2	0	0	0
OTU1457	0	0	1	0	0	1	0	0	0
OTU1467	0	0	1	0	0	2	0	0	0
OTU1471	0	1	1	0	0	1	0	0	0
OTU1633	0	0	0	0	0	0	0	0	0
OTU1634	0	0	0	0	0	0	0	0	0
OTU1635	0	0	0	0	0	0	0	0	0
OTU1636	0	0	0	0	0	0	0	0	0
OTU1643	0	0	1	0	0	0	0	0	0
OTU1651	0	1	0	0	1	0	0	0	0
OTU1655	1	0	1	0	0	0	0	0	0
OTU1659	0	2	0	0	0	0	0	0	0
OTU1677	0	0	1	0	1	1	0	0	0
OTU1687	0	2	0	0	1	0	0	0	0
OTU1700	0	2	1	0	0	0	0	0	0
OTU1907	0	1	0	0	2	0	0	0	0
OTU1992	0	0	0	0	0	4	0	0	0
OTU1995	1	0	0	1	0	2	0	0	0
OTU2008	0	0	3	0	0	1	0	0	0
OTU2009	0	0	3	0	0	1	0	0	0
OTU2142	0	0	2	1	1	0	0	0	0
OTU2300	0	0	3	1	0	0	0	0	0
OTU2481	0	0	4	0	0	0	0	0	0
OTU2482	0	1	3	0	0	0	0	0	0
OTU2483	0	1	3	0	0	0	0	0	0
OTU2506	0	3	1	0	0	0	0	0	0
OTU2716	0	4	0	0	0	0	0	0	0
OTU2717	0	4	0	0	0	0	0	0	0
OTU0152	0	0	0	2	0	0	0	0	0
OTU0167	0	0	0	0	0	0	0	0	0
OTU0183	0	1	0	0	0	0	0	0	0
OTU0211	0	0	0	1	0	2	0	0	0
OTU0246	0	0	1	0	1	0	0	0	0
OTU0248	1	0	0	0	0	0	0	0	0
OTU0249	0	0	1	0	0	2	0	0	0
OTU0256	0	0	1	0	2	0	0	0	0
OTU0282	1	0	0	0	1	0	0	0	0
OTU0311	0	1	0	0	0	0	0	0	0
OTU0314	1	0	1	1	0	0	0	0	0
OTU0322	0	0	0	3	0	0	0	0	0
OTU0341	0	0	0	0	1	2	0	0	0
OTU0352	0	0	0	0	0	0	0	0	0
OTU0359	0	0	0	1	0	1	0	0	0
OTU0366	0	2	0	0	0	0	0	0	0
OTU0377	0	0	0	0	1	0	0	0	0
OTU0388	0	0	2	0	0	0	0	0	0
OTU0397	0	0	1	1	0	0	0	0	0
OTU0418	0	0	2	1	0	0	0	0	0
OTU0420	0	2	0	1	0	0	0	0	0
OTU0601	0	0	0	1	2	0	0	0	0
OTU0636	0	3	0	0	0	0	0	0	0
OTU0637	0	3	0	0	0	0	0	0	0
OTU0680	0	1	0	0	0	0	0	0	0
OTU0689	0	1	1	1	0	0	0	0	0
OTU0690	0	2	1	0	0	0	0	0	0
OTU0717	0	0	1	0	1	0	0	0	0
OTU0728	0	1	0	0	2	0	0	0	0
OTU0733	0	2	0	1	0	0	0	0	0
OTU0734	0	2	0	1	0	0	0	0	0
OTU0737	0	3	0	0	0	0	0	0	0
OTU0784	0	0	1	0	0	1	0	0	0
OTU0811	0	1	0	0	0	1	0	0	0
OTU0813	0	0	0	0	2	0	0	0	0
OTU0834	0	2	0	0	1	0	0	0	0
OTU0846	0	1	1	1	0	0	0	0	0
OTU0868	0	3	0	0	0	0	0	0	0
OTU1122	0	0	0	3	0	0	0	0	0
OTU1160	0	0	0	2	0	0	0	0	0
OTU1190	0	0	0	1	0	0	0	0	0
OTU1196	1	0	0	0	1	0	0	0	0
OTU1197	0	0	0	2	0	0	0	0	0
OTU1199	0	0	2	0	0	0	0	0	0
OTU1204	0	0	1	0	0	0	0	0	0
OTU1216	0	0	0	2	0	1	0	0	0
OTU1218	0	0	2	0	0	1	0	0	0
OTU1225	0	0	2	0	1	0	0	0	0
OTU1244	0	0	3	0	0	0	0	0	0
OTU1439	0	0	0	0	0	1	0	0	0
OTU1442	0	0	0	1	0	0	0	0	0
OTU1443	0	0	1	0	0	0	0	0	0
OTU1444	0	0	1	0	0	0	0	0	0
OTU1454	0	0	0	0	0	0	0	0	0
OTU1458	0	0	0	0	1	0	0	0	0
OTU1459	0	0	0	1	0	0	0	0	0
OTU1460	0	0	1	0	0	0	0	0	0
OTU1462	0	0	0	1	0	0	0	0	0
OTU1463	0	0	1	0	0	0	0	0	0
OTU1468	0	0	0	0	0	2	0	0	0
OTU1469	0	0	0	0	1	1	0	0	0
OTU1472	0	0	1	0	0	1	0	0	0
OTU1473	0	0	1	0	0	1	0	0	0
OTU1481	0	0	1	0	1	0	0	0	0
OTU1482	0	0	1	0	1	0	0	0	0
OTU1483	0	1	0	0	1	0	0	0	0
OTU1489	0	0	2	0	0	0	0	0	0
OTU1494	0	2	0	0	0	0	0	0	0
OTU1644	0	0	0	0	0	0	0	0	0
OTU1645	0	0	0	0	0	0	0	0	0
OTU1652	0	0	0	0	1	0	0	0	0
OTU1653	0	0	0	0	1	0	0	0	0
OTU1656	0	0	1	0	0	0	0	0	0
OTU1657	0	0	1	0	0	0	0	0	0
OTU1660	0	1	0	0	0	0	0	0	0
OTU1675	0	0	0	0	1	0	0	0	0
OTU1678	0	0	1	0	0	1	0	0	0
OTU1684	0	0	1	0	1	0	0	0	0
OTU1685	0	0	1	0	1	0	0	0	0
OTU1686	0	0	1	0	1	0	0	0	0
OTU1688	0	1	0	0	1	0	0	0	0
OTU1689	0	1	0	0	1	0	0	0	0
OTU1701	1	0	1	0	0	0	0	0	0
OTU1710	0	2	0	0	0	0	0	0	0
OTU1711	0	2	0	0	0	0	0	0	0
OTU1902	0	0	0	0	0	0	0	0	0
OTU2000	0	0	0	1	1	1	0	0	0
OTU2006	0	0	1	1	0	1	0	0	0
OTU2010	0	0	2	0	0	1	0	0	0
OTU2011	0	0	2	0	0	1	0	0	0
OTU2013	2	0	0	0	0	1	0	0	0
OTU2133	0	0	0	0	3	0	0	0	0
OTU2143	0	0	1	1	1	0	0	0	0
OTU2144	0	0	1	1	1	0	0	0	0
OTU2149	0	1	1	0	1	0	0	0	0
OTU2155	0	2	0	0	1	0	0	0	0
OTU2156	0	2	0	0	1	0	0	0	0
OTU2286	0	0	0	3	0	0	0	0	0
OTU2287	0	0	0	3	0	0	0	0	0
OTU2288	0	0	0	3	0	0	0	0	0
OTU2289	0	0	0	3	0	0	0	0	0
OTU2291	0	1	0	2	0	0	0	0	0
OTU2301	0	0	2	1	0	0	0	0	0
OTU2302	1	0	1	1	0	0	0	0	0
OTU2315	2	0	0	1	0	0	0	0	0
OTU2484	0	0	3	0	0	0	0	0	0
OTU2485	0	0	3	0	0	0	0	0	0
OTU2486	0	0	3	0	0	0	0	0	0
OTU2487	0	0	3	0	0	0	0	0	0
OTU2488	0	0	3	0	0	0	0	0	0
OTU2489	0	0	3	0	0	0	0	0	0
OTU2490	0	0	3	0	0	0	0	0	0
OTU2491	0	0	3	0	0	0	0	0	0
OTU2492	0	1	2	0	0	0	0	0	0
OTU2493	1	0	2	0	0	0	0	0	0
OTU2516	2	0	1	0	0	0	0	0	0
OTU2718	0	3	0	0	0	0	0	0	0
OTU2719	0	3	0	0	0	0	0	0	0
OTU2720	0	3	0	0	0	0	0	0	0
OTU2721	0	3	0	0	0	0	0	0	0
OTU2722	0	3	0	0	0	0	0	0	0
OTU0119	0	0	0	0	0	0	0	0	0
OTU0184	0	0	1	0	0	1	0	0	0
OTU0199	0	1	0	0	1	0	0	0	0
OTU0207	0	0	0	0	1	0	0	0	0
OTU0217	0	0	0	0	1	1	0	0	0
OTU0229	0	0	0	0	1	0	0	0	0
OTU0241	0	0	0	0	0	1	0	0	0
OTU0251	0	0	1	0	0	1	0	0	0
OTU0258	1	0	1	0	0	0	0	0	0
OTU0259	0	2	0	0	0	0	0	0	0
OTU0275	0	2	0	0	0	0	0	0	0
OTU0288	0	1	1	0	0	0	0	0	0
OTU0293	0	2	0	0	0	0	0	0	0
OTU0300	0	0	0	2	0	0	0	0	0
OTU0315	0	1	1	0	0	0	0	0	0
OTU0326	0	0	0	2	0	0	0	0	0
OTU0342	1	0	1	0	0	0	0	0	0
OTU0355	0	0	0	0	0	0	0	0	0
OTU0360	0	0	0	0	0	1	0	0	0
OTU0361	0	0	0	0	1	0	0	0	0
OTU0362	0	0	0	0	1	0	0	0	0
OTU0363	0	0	0	1	0	0	0	0	0
OTU0364	0	0	1	0	0	0	0	0	0
OTU0365	0	0	1	0	0	0	0	0	0
OTU0384	0	0	0	0	1	0	0	0	0
OTU0385	0	0	0	0	1	0	0	0	0
OTU0387	0	0	0	1	0	0	0	0	0
OTU0389	0	0	1	0	0	0	0	0	0
OTU0390	0	1	0	0	0	0	0	0	0
OTU0391	0	1	0	0	0	0	0	0	0
OTU0392	1	0	0	0	0	0	0	0	0
OTU0395	0	0	0	0	0	0	0	0	0
OTU0396	0	0	0	0	0	0	0	0	0
OTU0398	0	0	0	1	0	0	0	0	0
OTU0401	0	0	0	0	0	2	0	0	0
OTU0403	0	0	0	0	1	1	0	0	0
OTU0404	0	0	1	0	0	1	0	0	0
OTU0411	0	0	0	1	1	0	0	0	0
OTU0412	0	0	0	1	1	0	0	0	0
OTU0413	0	0	1	0	1	0	0	0	0
OTU0414	1	0	0	0	1	0	0	0	0
OTU0419	0	0	1	1	0	0	0	0	0
OTU0421	1	0	0	1	0	0	0	0	0
OTU0427	0	0	2	0	0	0	0	0	0
OTU0428	0	0	2	0	0	0	0	0	0
OTU0429	0	1	1	0	0	0	0	0	0
OTU0430	1	0	1	0	0	0	0	0	0
OTU0437	1	1	0	0	0	0	0	0	0
OTU0438	1	1	0	0	0	0	0	0	0
OTU0443	2	0	0	0	0	0	0	0	0
OTU0621	0	1	0	0	1	0	0	0	0
OTU0623	0	2	0	0	0	0	0	0	0
OTU0632	0	1	0	1	0	0	0	0	0
OTU0635	0	1	1	0	0	0	0	0	0
OTU0647	0	0	0	0	1	0	0	0	0
OTU0651	0	2	0	0	0	0	0	0	0
OTU0662	0	0	0	0	2	0	0	0	0
OTU0663	1	0	0	1	0	0	0	0	0
OTU0667	0	1	0	0	0	0	0	0	0
OTU0681	0	0	0	1	0	0	0	0	0
OTU0683	0	0	1	0	0	0	0	0	0
OTU0687	0	1	0	0	0	0	0	0	0
OTU0693	0	2	0	0	0	0	0	0	0
OTU0707	0	1	0	0	0	0	0	0	0
OTU0708	1	0	0	0	0	1	0	0	0
OTU0714	0	0	0	0	0	0	0	0	0
OTU0722	0	1	0	0	0	0	0	0	0
OTU0729	0	0	0	0	2	0	0	0	0
OTU0730	0	0	1	0	1	0	0	0	0
OTU0735	0	1	1	0	0	0	0	0	0
OTU0738	0	2	0	0	0	0	0	0	0
OTU0739	0	2	0	0	0	0	0	0	0
OTU0786	0	0	1	1	0	0	0	0	0
OTU0787	1	0	1	0	0	0	0	0	0
OTU0794	0	0	0	0	0	0	0	0	0
OTU0795	0	1	0	0	0	0	0	0	0
OTU0807	0	0	0	0	0	0	0	0	0
OTU0808	0	0	0	0	0	0	0	0	0
OTU0809	0	0	0	0	0	0	0	0	0
OTU0810	0	0	0	0	0	0	0	0	0
OTU0812	0	0	0	0	0	1	0	0	0
OTU0815	0	0	1	0	0	0	0	0	0
OTU0816	0	1	0	0	0	0	0	0	0
OTU0817	0	1	0	0	0	0	0	0	0
OTU0818	0	1	0	0	0	0	0	0	0
OTU0819	0	1	0	0	0	0	0	0	0
OTU0825	0	1	0	0	0	0	0	0	0
OTU0827	0	0	0	0	0	2	0	0	0
OTU0829	0	0	1	0	0	1	0	0	0
OTU0830	0	0	0	0	2	0	0	0	0
OTU0835	0	1	0	0	1	0	0	0	0
OTU0836	1	0	0	0	1	0	0	0	0
OTU0847	0	0	1	1	0	0	0	0	0
OTU0848	0	1	0	1	0	0	0	0	0
OTU0857	0	0	2	0	0	0	0	0	0
OTU0858	0	0	2	0	0	0	0	0	0
OTU0859	0	1	1	0	0	0	0	0	0
OTU0869	0	2	0	0	0	0	0	0	0
OTU0870	0	2	0	0	0	0	0	0	0
OTU0871	0	2	0	0	0	0	0	0	0
OTU0872	0	2	0	0	0	0	0	0	0
OTU0873	0	2	0	0	0	0	0	0	0
OTU0874	0	2	0	0	0	0	0	0	0
OTU0875	0	2	0	0	0	0	0	0	0
OTU0876	0	2	0	0	0	0	0	0	0
OTU0877	0	2	0	0	0	0	0	0	0
OTU0878	0	2	0	0	0	0	0	0	0
OTU1106	0	0	0	2	0	0	0	0	0
OTU1108	1	0	0	0	0	0	0	0	0
OTU1118	0	0	0	2	0	0	0	0	0
OTU1123	0	0	0	2	0	0	0	0	0
OTU1140	1	0	0	0	0	0	0	0	0
OTU1145	0	0	0	2	0	0	0	0	0
OTU1146	0	0	0	2	0	0	0	0	0
OTU1161	0	0	0	1	0	0	0	0	0
OTU1162	1	0	0	0	0	1	0	0	0
OTU1167	0	0	0	2	0	0	0	0	0
OTU1194	0	0	0	0	0	0	0	0	0
OTU1200	0	0	1	0	0	0	0	0	0
OTU1201	1	0	0	0	0	0	0	0	0
OTU1202	1	0	0	0	0	0	0	0	0
OTU1205	0	0	0	0	0	0	0	0	0
OTU1207	0	0	0	0	1	0	0	0	0
OTU1209	0	0	1	0	0	0	0	0	0
OTU1217	0	0	0	1	0	1	0	0	0
OTU1219	0	0	1	0	0	1	0	0	0
OTU1226	0	1	0	0	1	0	0	0	0
OTU1227	1	0	0	0	1	0	0	0	0
OTU1231	0	0	0	2	0	0	0	0	0
OTU1232	0	0	0	2	0	0	0	0	0
OTU1234	0	0	1	1	0	0	0	0	0
OTU1245	0	0	2	0	0	0	0	0	0
OTU1246	0	0	2	0	0	0	0	0	0
OTU1247	0	0	2	0	0	0	0	0	0
OTU1248	0	0	2	0	0	0	0	0	0
OTU1251	0	2	0	0	0	0	0	0	0
OTU1446	0	0	0	0	0	0	0	0	0
OTU1447	0	0	0	0	0	0	0	0	0
OTU1448	0	0	0	0	0	0	0	0	0
OTU1449	0	0	0	0	0	0	0	0	0
OTU1450	0	0	0	0	0	0	0	0	0
OTU1451	0	0	0	0	0	0	0	0	0
OTU1461	0	0	0	0	0	0	0	0	0
OTU1464	0	0	0	0	0	0	0	0	0
OTU1474	0	0	0	0	0	1	0	0	0
OTU1475	0	0	0	0	0	1	0	0	0
OTU1476	0	0	0	0	0	1	0	0	0
OTU1477	0	0	0	0	0	1	0	0	0
OTU1478	0	0	0	0	0	1	0	0	0
OTU1479	0	0	0	0	0	1	0	0	0
OTU1480	0	0	0	0	0	1	0	0	0
OTU1484	0	0	0	0	1	0	0	0	0
OTU1486	0	0	0	1	0	0	0	0	0
OTU1487	0	0	0	1	0	0	0	0	0
OTU1488	0	0	0	1	0	0	0	0	0
OTU1490	0	0	1	0	0	0	0	0	0
OTU1491	0	0	1	0	0	0	0	0	0
OTU1492	0	0	1	0	0	0	0	0	0
OTU1493	0	0	1	0	0	0	0	0	0
OTU1495	1	0	0	0	0	0	0	0	0
OTU1661	0	0	0	0	0	0	0	0	0
OTU1662	0	0	0	0	0	0	0	0	0
OTU1663	0	0	0	0	0	0	0	0	0
OTU1664	0	0	0	0	0	0	0	0	0
OTU1665	0	0	0	0	0	0	0	0	0
OTU1666	0	0	0	0	0	0	0	0	0
OTU1667	0	0	0	0	0	0	0	0	0
OTU1668	0	0	0	0	0	0	0	0	0
OTU1669	0	0	0	0	0	0	0	0	0
OTU1670	0	0	0	0	0	0	0	0	0
OTU1671	0	0	0	0	0	0	0	0	0
OTU1672	0	0	0	0	0	0	0	0	0
OTU1673	0	0	0	0	0	0	0	0	0
OTU1674	0	0	0	0	0	0	0	0	0
OTU1679	0	0	0	0	0	1	0	0	0
OTU1680	0	0	0	0	0	1	0	0	0
OTU1681	0	0	0	0	0	1	0	0	0
OTU1690	0	0	0	0	1	0	0	0	0
OTU1691	0	0	0	0	1	0	0	0	0
OTU1692	0	0	0	0	1	0	0	0	0
OTU1693	0	0	0	0	1	0	0	0	0
OTU1696	0	0	0	1	0	0	0	0	0
OTU1697	0	0	0	1	0	0	0	0	0
OTU1698	0	0	0	1	0	0	0	0	0
OTU1699	0	0	0	1	0	0	0	0	0
OTU1702	0	0	1	0	0	0	0	0	0
OTU1703	0	0	1	0	0	0	0	0	0
OTU1704	0	0	1	0	0	0	0	0	0
OTU1705	0	0	1	0	0	0	0	0	0
OTU1706	0	0	1	0	0	0	0	0	0
OTU1707	0	0	1	0	0	0	0	0	0
OTU1708	0	0	1	0	0	0	0	0	0
OTU1712	0	1	0	0	0	0	0	0	0
OTU1713	0	1	0	0	0	0	0	0	0
OTU1714	0	1	0	0	0	0	0	0	0
OTU1715	0	1	0	0	0	0	0	0	0
OTU1716	0	1	0	0	0	0	0	0	0
OTU1717	0	1	0	0	0	0	0	0	0
OTU1718	0	1	0	0	0	0	0	0	0
OTU1719	0	1	0	0	0	0	0	0	0
OTU1720	0	1	0	0	0	0	0	0	0
OTU1721	0	1	0	0	0	0	0	0	0
OTU1722	1	0	0	0	0	0	0	0	0
OTU1723	1	0	0	0	0	0	0	0	0
OTU1904	0	0	0	0	0	0	0	0	0
OTU1905	0	0	0	0	0	0	0	0	0
OTU1908	0	0	1	0	0	0	0	0	0
OTU1909	0	1	0	0	0	0	0	0	0
OTU1910	1	0	0	0	0	0	0	0	0
OTU1911	1	0	0	0	0	0	0	0	0
OTU1996	0	0	0	0	0	2	0	0	0
OTU1997	0	0	0	0	0	2	0	0	0
OTU1998	0	0	0	0	0	2	0	0	0
OTU2002	0	0	0	0	1	1	0	0	0
OTU2003	0	0	0	0	1	1	0	0	0
OTU2004	0	0	0	0	1	1	0	0	0
OTU2007	0	0	0	1	0	1	0	0	0
OTU2012	0	1	0	0	0	1	0	0	0
OTU2014	1	0	0	0	0	1	0	0	0
OTU2134	0	0	0	0	2	0	0	0	0
OTU2135	0	0	0	0	2	0	0	0	0
OTU2136	0	0	0	0	2	0	0	0	0
OTU2137	0	0	0	0	2	0	0	0	0
OTU2138	0	0	0	0	2	0	0	0	0
OTU2139	0	0	0	0	2	0	0	0	0
OTU2140	0	0	0	0	2	0	0	0	0
OTU2141	0	0	0	0	2	0	0	0	0
OTU2145	0	0	0	1	1	0	0	0	0
OTU2146	0	0	0	1	1	0	0	0	0
OTU2147	0	0	0	1	1	0	0	0	0
OTU2150	0	0	1	0	1	0	0	0	0
OTU2151	0	0	1	0	1	0	0	0	0
OTU2152	0	0	1	0	1	0	0	0	0
OTU2153	0	0	1	0	1	0	0	0	0
OTU2154	0	0	1	0	1	0	0	0	0
OTU2157	0	1	0	0	1	0	0	0	0
OTU2158	0	1	0	0	1	0	0	0	0
OTU2159	0	1	0	0	1	0	0	0	0
OTU2160	0	1	0	0	1	0	0	0	0
OTU2161	0	1	0	0	1	0	0	0	0
OTU2162	0	1	0	0	1	0	0	0	0
OTU2292	0	0	0	2	0	0	0	0	0
OTU2293	0	0	0	2	0	0	0	0	0
OTU2294	0	0	0	2	0	0	0	0	0
OTU2295	0	0	0	2	0	0	0	0	0
OTU2296	0	0	0	2	0	0	0	0	0
OTU2297	0	0	0	2	0	0	0	0	0
OTU2298	0	0	0	2	0	0	0	0	0
OTU2303	0	0	1	1	0	0	0	0	0
OTU2304	0	0	1	1	0	0	0	0	0
OTU2305	0	0	1	1	0	0	0	0	0
OTU2306	0	0	1	1	0	0	0	0	0
OTU2307	0	0	1	1	0	0	0	0	0
OTU2308	0	0	1	1	0	0	0	0	0
OTU2309	0	0	1	1	0	0	0	0	0
OTU2310	0	1	0	1	0	0	0	0	0
OTU2311	0	1	0	1	0	0	0	0	0
OTU2312	0	1	0	1	0	0	0	0	0
OTU2313	0	1	0	1	0	0	0	0	0
OTU2314	0	1	0	1	0	0	0	0	0
OTU2316	1	0	0	1	0	0	0	0	0
OTU2317	1	0	0	1	0	0	0	0	0
OTU2318	1	0	0	1	0	0	0	0	0
OTU2319	1	0	0	1	0	0	0	0	0
OTU2494	0	0	2	0	0	0	0	0	0
OTU2495	0	0	2	0	0	0	0	0	0
OTU2496	0	0	2	0	0	0	0	0	0
OTU2497	0	0	2	0	0	0	0	0	0
OTU2498	0	0	2	0	0	0	0	0	0
OTU2499	0	0	2	0	0	0	0	0	0
OTU2500	0	0	2	0	0	0	0	0	0
OTU2501	0	0	2	0	0	0	0	0	0
OTU2502	0	0	2	0	0	0	0	0	0
OTU2503	0	0	2	0	0	0	0	0	0
OTU2504	0	0	2	0	0	0	0	0	0
OTU2505	0	0	2	0	0	0	0	0	0
OTU2507	0	1	1	0	0	0	0	0	0
OTU2508	0	1	1	0	0	0	0	0	0
OTU2509	0	1	1	0	0	0	0	0	0
OTU2510	0	1	1	0	0	0	0	0	0
OTU2511	0	1	1	0	0	0	0	0	0
OTU2512	0	1	1	0	0	0	0	0	0
OTU2513	0	1	1	0	0	0	0	0	0
OTU2514	0	1	1	0	0	0	0	0	0
OTU2515	0	1	1	0	0	0	0	0	0
OTU2517	1	0	1	0	0	0	0	0	0
OTU2518	1	0	1	0	0	0	0	0	0
OTU2519	1	0	1	0	0	0	0	0	0
OTU2520	1	0	1	0	0	0	0	0	0
OTU2521	1	0	1	0	0	0	0	0	0
OTU2522	1	0	1	0	0	0	0	0	0
OTU2723	1	2	0	0	0	0	0	0	0
OTU2724	1	2	0	0	0	0	0	0	0
OTU2725	1	2	0	0	0	0	0	0	0
OTU2726	1	2	0	0	0	0	0	0	0
OTU2727	1	2	0	0	0	0	0	0	0
OTU2728	1	2	0	0	0	0	0	0	0
OTU2729	1	2	0	0	0	0	0	0	0
OTU2730	1	2	0	0	0	0	0	0	0
OTU2731	1	2	0	0	0	0	0	0	0
OTU2732	1	2	0	0	0	0	0	0	0
OTU2733	1	2	0	0	0	0	0	0	0
OTU2734	1	2	0	0	0	0	0	0	0
OTU2735	1	2	0	0	0	0	0	0	0
OTU2736	1	2	0	0	0	0	0	0	0
OTU2737	1	2	0	0	0	0	0	0	0
OTU2738	1	1	0	0	0	0	0	0	0
OTU2892	1	0	0	0	0	0	0	0	0
OTU2893	1	0	0	0	0	0	0	0	0
OTU2894	1	0	0	0	0	0	0	0	0
OTU0159	1	0	0	0	0	0	0	0	0
OTU0164	1	1	0	0	0	0	0	0	0
OTU0185	1	0	0	0	0	1	0	0	0
OTU0186	1	0	0	1	0	0	0	0	0
OTU0187	1	0	1	0	0	0	0	0	0
OTU0188	1	0	0	0	0	0	0	0	0
OTU0208	1	0	1	0	0	0	0	0	0
OTU0216	1	0	0	0	0	0	0	0	0
OTU0231	1	1	0	0	0	0	0	0	0
OTU0247	1	0	0	0	0	0	0	0	0
OTU0252	1	0	0	0	0	1	0	0	0
OTU0253	1	0	0	0	0	1	0	0	0
OTU0254	1	0	0	0	0	1	0	0	0
OTU0255	1	0	0	0	0	1	0	0	0
OTU0257	1	0	0	1	0	0	0	0	0
OTU0260	1	1	0	0	0	0	0	0	0
OTU0298	1	0	0	1	0	0	0	0	0
OTU0299	1	0	0	1	0	0	0	0	0
OTU0309	1	0	0	0	0	0	0	0	0
OTU0310	1	0	0	0	0	0	0	0	0
OTU0316	1	0	1	0	0	0	0	0	0
OTU0343	1	0	1	0	0	0	0	0	0
OTU0344	1	1	0	0	0	0	0	0	0
OTU0367	1	0	0	0	0	0	0	0	0
OTU0368	1	0	0	0	0	0	0	0	0
OTU0369	1	0	0	0	0	0	0	0	0
OTU0370	1	0	0	0	0	0	0	0	0
OTU0393	1	0	0	0	0	0	0	0	0
OTU0394	1	0	0	0	0	0	0	0	0
OTU0399	1	0	0	0	0	0	0	0	0
OTU0405	1	0	0	0	0	1	0	0	0
OTU0406	1	0	0	0	0	1	0	0	0
OTU0407	1	0	0	0	0	1	0	0	0
OTU0408	1	0	0	0	0	1	0	0	0
OTU0409	1	0	0	0	0	1	0	0	0
OTU0415	1	0	0	0	1	0	0	0	0
OTU0416	1	0	0	0	1	0	0	0	0
OTU0422	1	0	0	1	0	0	0	0	0
OTU0423	1	0	0	1	0	0	0	0	0
OTU0424	1	0	0	1	0	0	0	0	0
OTU0425	1	0	0	1	0	0	0	0	0
OTU0431	1	0	1	0	0	0	0	0	0
OTU0432	1	0	1	0	0	0	0	0	0
OTU0433	1	0	1	0	0	0	0	0	0
OTU0434	1	0	1	0	0	0	0	0	0
OTU0435	1	0	1	0	0	0	0	0	0
OTU0436	1	0	1	0	0	0	0	0	0
OTU0439	1	1	0	0	0	0	0	0	0
OTU0440	1	1	0	0	0	0	0	0	0
OTU0441	1	1	0	0	0	0	0	0	0
OTU0442	1	1	0	0	0	0	0	0	0
OTU0444	1	0	0	0	0	0	0	0	0
OTU0610	1	1	0	0	0	0	0	0	0
OTU0612	1	0	0	0	0	0	0	0	0
OTU0616	1	0	0	1	0	0	0	0	0
OTU0648	1	0	0	0	0	0	0	0	0
OTU0650	1	0	1	0	0	0	0	0	0
OTU0652	1	1	0	0	0	0	0	0	0
OTU0670	1	1	0	0	0	0	0	0	0
OTU0675	1	0	0	0	1	0	0	0	0
OTU0684	1	0	0	0	0	0	0	0	0
OTU0685	1	0	0	0	0	0	0	0	0
OTU0723	1	0	0	0	0	0	0	0	0
OTU0724	1	0	0	0	0	0	0	0	0
OTU0732	1	0	0	0	1	0	0	0	0
OTU0736	1	0	1	0	0	0	0	0	0
OTU0740	1	1	0	0	0	0	0	0	0
OTU0741	1	1	0	0	0	0	0	0	0
OTU0742	1	1	0	0	0	0	0	0	0
OTU0743	1	1	0	0	0	0	0	0	0
OTU0744	1	1	0	0	0	0	0	0	0
OTU0745	1	0	0	0	0	0	0	0	0
OTU0746	1	0	0	0	0	0	0	0	0
OTU0769	1	0	0	1	0	0	0	0	0
OTU0773	1	0	0	1	0	0	0	0	0
OTU0777	1	0	0	1	0	0	0	0	0
OTU0781	1	0	0	0	0	1	0	0	0
OTU0782	1	0	0	0	1	0	0	0	0
OTU0788	1	1	0	0	0	0	0	0	0
OTU0796	1	0	0	0	0	0	0	0	0
OTU0797	1	0	0	0	0	0	0	0	0
OTU0798	1	0	0	0	0	0	0	0	0
OTU0820	1	0	0	0	0	0	0	0	0
OTU0821	1	0	0	0	0	0	0	0	0
OTU0822	1	0	0	0	0	0	0	0	0
OTU0823	1	0	0	0	0	0	0	0	0
OTU0826	1	0	0	0	0	0	0	0	0
OTU0837	1	0	0	0	1	0	0	0	0
OTU0838	1	0	0	0	1	0	0	0	0
OTU0839	1	0	0	0	1	0	0	0	0
OTU0840	1	0	0	0	1	0	0	0	0
OTU0841	1	0	0	0	1	0	0	0	0
OTU0842	1	0	0	0	1	0	0	0	0
OTU0843	1	0	0	0	1	0	0	0	0
OTU0844	1	0	0	0	1	0	0	0	0
OTU0849	1	0	0	1	0	0	0	0	0
OTU0850	1	0	0	1	0	0	0	0	0
OTU0851	1	0	0	1	0	0	0	0	0
OTU0852	1	0	0	1	0	0	0	0	0
OTU0853	1	0	0	1	0	0	0	0	0
OTU0854	1	0	0	1	0	0	0	0	0
OTU0860	1	0	1	0	0	0	0	0	0
OTU0861	1	0	1	0	0	0	0	0	0
OTU0862	1	0	1	0	0	0	0	0	0
OTU0863	1	0	1	0	0	0	0	0	0
OTU0864	1	0	1	0	0	0	0	0	0
OTU0865	1	0	1	0	0	0	0	0	0
OTU0879	1	1	0	0	0	0	0	0	0
OTU0880	1	1	0	0	0	0	0	0	0
OTU0881	1	1	0	0	0	0	0	0	0
OTU0882	1	1	0	0	0	0	0	0	0
OTU0883	1	1	0	0	0	0	0	0	0
OTU0884	1	1	0	0	0	0	0	0	0
OTU0885	1	1	0	0	0	0	0	0	0
OTU0886	1	1	0	0	0	0	0	0	0
OTU0887	1	1	0	0	0	0	0	0	0
OTU0888	1	1	0	0	0	0	0	0	0
OTU0889	1	1	0	0	0	0	0	0	0
OTU0890	1	1	0	0	0	0	0	0	0
OTU0891	1	1	0	0	0	0	0	0	0
OTU0892	1	1	0	0	0	0	0	0	0
OTU0893	1	1	0	0	0	0	0	0	0
OTU0894	1	1	0	0	0	0	0	0	0
OTU0895	1	1	0	0	0	0	0	0	0
OTU0896	1	0	0	0	0	0	0	0	0
OTU1109	1	0	0	0	0	1	0	0	0
OTU1112	1	0	0	1	0	0	0	0	0
OTU1115	1	0	0	1	0	0	0	0	0
OTU1121	1	0	0	0	0	0	0	0	0
OTU1129	1	0	0	0	0	0	0	0	0
OTU1132	1	0	0	1	0	0	0	0	0
OTU1133	1	0	0	1	0	0	0	0	0
OTU1134	1	0	0	1	0	0	0	0	0
OTU1135	1	0	1	0	0	0	0	0	0
OTU1141	1	0	0	0	0	0	0	0	0
OTU1143	1	0	0	0	0	0	0	0	0
OTU1147	1	0	0	1	0	0	0	0	0
OTU1168	1	0	0	1	0	0	0	0	0
OTU1169	1	0	0	1	0	0	0	0	0
OTU1170	1	0	0	0	0	0	0	0	0
OTU1211	1	0	0	0	0	0	0	0	0
OTU1213	1	0	0	0	0	0	0	0	0
OTU1214	1	0	0	0	0	0	0	0	0
OTU1220	1	0	0	0	0	1	0	0	0
OTU1221	1	0	0	0	0	1	0	0	0
OTU1222	1	0	0	0	0	1	0	0	0
OTU1228	1	0	0	0	1	0	0	0	0
OTU1229	1	0	0	0	1	0	0	0	0
OTU1235	1	0	0	1	0	0	0	0	0
OTU1236	1	0	0	1	0	0	0	0	0
OTU1237	1	0	0	1	0	0	0	0	0
OTU1238	1	0	0	1	0	0	0	0	0
OTU1239	1	0	0	1	0	0	0	0	0
OTU1240	1	0	0	1	0	0	0	0	0
OTU1241	1	0	0	1	0	0	0	0	0
OTU1242	1	0	0	1	0	0	0	0	0
OTU1243	1	0	0	1	0	0	0	0	0
OTU1250	1	0	1	0	0	0	0	0	0
OTU1252	1	1	0	0	0	0	0	0	0
OTU1253	1	0	0	0	0	0	0	0	0
OTU1254	1	0	0	0	0	0	0	0	0
OTU2015	1	0	0	0	0	1	0	0	0
OTU2016	1	0	0	0	0	1	0	0	0
OTU2017	1	0	0	0	0	1	0	0	0
OTU2018	1	0	0	0	0	1	0	0	0
OTU2019	1	0	0	0	0	1	0	0	0
OTU2020	1	0	0	0	0	1	0	0	0
OTU2021	1	0	0	0	0	1	0	0	0
OTU2022	1	0	0	0	0	1	0	0	0
OTU2023	1	0	0	0	0	1	0	0	0
OTU2024	1	0	0	0	0	1	0	0	0
OTU2025	1	0	0	0	0	1	0	0	0
OTU2026	1	0	0	0	0	1	0	0	0
OTU2027	1	0	0	0	0	1	0	0	0
OTU2028	1	0	0	0	0	1	0	0	0
OTU2029	1	0	0	0	0	1	0	0	0
OTU2030	1	0	0	0	0	1	0	0	0
OTU2031	1	0	0	0	0	1	0	0	0
OTU2032	1	0	0	0	0	1	0	0	0
OTU2033	1	0	0	0	0	1	0	0	0
OTU2034	1	0	0	0	0	1	0	0	0
OTU2035	1	0	0	0	0	1	0	0	0
OTU2036	1	0	0	0	0	1	0	0	0
OTU2037	1	0	0	0	0	1	0	0	0
OTU2038	1	0	0	0	0	1	0	0	0
OTU2039	1	0	0	0	0	1	0	0	0
OTU2040	1	0	0	0	0	1	0	0	0
OTU2041	1	0	0	0	0	1	0	0	0
OTU2042	1	0	0	0	0	1	0	0	0
OTU2043	1	0	0	0	0	1	0	0	0
OTU2044	1	0	0	0	0	1	0	0	0
OTU2045	1	0	0	0	0	1	0	0	0
OTU2046	1	0	0	0	0	1	0	0	0
OTU2047	1	0	0	0	0	1	0	0	0
OTU2048	1	0	0	0	0	1	0	0	0
OTU2049	1	0	0	0	0	1	0	0	0
OTU2050	1	0	0	0	0	1	0	0	0
OTU2051	1	0	0	0	0	1	0	0	0
OTU2052	1	0	0	0	0	1	0	0	0
OTU2053	1	0	0	0	0	1	0	0	0
OTU2054	1	0	0	0	0	1	0	0	0
OTU2055	1	0	0	0	0	1	0	0	0
OTU2056	1	0	0	0	0	1	0	0	0
OTU2057	1	0	0	0	0	1	0	0	0
OTU2058	1	0	0	0	0	1	0	0	0
OTU2059	1	0	0	0	0	1	0	0	0
OTU2060	1	0	0	0	0	1	0	0	0
OTU2061	1	0	0	0	0	1	0	0	0
OTU2062	1	0	0	0	0	1	0	0	0
OTU2063	1	0	0	0	0	1	0	0	0
OTU2064	1	0	0	0	0	1	0	0	0
OTU2065	1	0	0	0	0	1	0	0	0
OTU2066	1	0	0	0	0	1	0	0	0
OTU2067	1	0	0	0	0	1	0	0	0
OTU2068	1	0	0	0	0	1	0	0	0
OTU2069	1	0	0	0	0	1	0	0	0
OTU2070	1	0	0	0	0	1	0	0	0
OTU2071	1	0	0	0	0	1	0	0	0
OTU2072	1	0	0	0	0	1	0	0	0
OTU2073	1	0	0	0	0	1	0	0	0
OTU2074	1	0	0	0	0	1	0	0	0
OTU2075	1	0	0	0	0	1	0	0	0
OTU2076	1	0	0	0	0	1	0	0	0
OTU2077	1	0	0	0	0	1	0	0	0
OTU2078	1	0	0	0	0	1	0	0	0
OTU2079	1	0	0	0	0	1	0	0	0
OTU2080	1	0	0	0	0	1	0	0	0
OTU2081	1	0	0	0	0	1	0	0	0
OTU2082	1	0	0	0	0	1	0	0	0
OTU2083	1	0	0	0	0	1	0	0	0
OTU2084	1	0	0	0	0	1	0	0	0
OTU2085	1	0	0	0	0	1	0	0	0
OTU2086	1	0	0	0	0	1	0	0	0
OTU2087	1	0	0	0	0	1	0	0	0
OTU2088	1	0	0	0	0	1	0	0	0
OTU2089	1	0	0	0	0	1	0	0	0
OTU2090	1	0	0	0	0	1	0	0	0
OTU2091	1	0	0	0	0	1	0	0	0
OTU2092	1	0	0	0	0	1	0	0	0
OTU2093	1	0	0	0	0	1	0	0	0
OTU2094	1	0	0	0	0	1	0	0	0
OTU2095	1	0	0	0	0	1	0	0	0
OTU2096	1	0	0	0	0	1	0	0	0
OTU2097	1	0	0	0	0	1	0	0	0
OTU2098	1	0	0	0	0	1	0	0	0
OTU2099	1	0	0	0	0	1	0	0	0
OTU2100	1	0	0	0	0	1	0	0	0
OTU2101	1	0	0	0	0	1	0	0	0
OTU2102	1	0	0	0	0	1	0	0	0
OTU2103	1	0	0	0	0	1	0	0	0
OTU2104	1	0	0	0	0	1	0	0	0
OTU2105	1	0	0	0	0	1	0	0	0
OTU2106	1	0	0	0	0	1	0	0	0
OTU2107	1	0	0	0	0	1	0	0	0
OTU2108	1	0	0	0	0	1	0	0	0
OTU2109	1	0	0	0	0	1	0	0	0
OTU2110	1	0	0	0	0	1	0	0	0
OTU2111	1	0	0	0	0	1	0	0	0
OTU2112	1	0	0	0	0	1	0	0	0
OTU2113	1	0	0	0	0	1	0	0	0
OTU2114	1	0	0	0	0	1	0	0	0
OTU2115	1	0	0	0	0	1	0	0	0
OTU2116	1	0	0	0	0	1	0	0	0
OTU2117	1	0	0	0	0	1	0	0	0
OTU2118	1	0	0	0	0	1	0	0	0
OTU2119	1	0	0	0	0	1	0	0	0
OTU2120	1	0	0	0	0	1	0	0	0
OTU2121	1	0	0	0	0	1	0	0	0
OTU2122	1	0	0	0	0	1	0	0	0
OTU2123	1	0	0	0	0	1	0	0	0
OTU2124	1	0	0	0	0	1	0	0	0
OTU2125	1	0	0	0	0	1	0	0	0
OTU2126	1	0	0	0	0	1	0	0	0
OTU2127	1	0	0	0	0	1	0	0	0
OTU2128	1	0	0	0	0	1	0	0	0
OTU2129	1	0	0	0	0	1	0	0	0
OTU2130	1	0	0	0	0	1	0	0	0
OTU2131	1	0	0	0	0	1	0	0	0
OTU2163	0	0	0	0	1	0	0	0	0
OTU2164	0	0	0	0	1	0	0	0	0
OTU2165	0	0	0	0	1	0	0	0	0
OTU2166	0	0	0	0	1	0	0	0	0
OTU2167	0	0	0	0	1	0	0	0	0
OTU2168	0	0	0	0	1	0	0	0	0
OTU2169	0	0	0	0	1	0	0	0	0
OTU2170	0	0	0	0	1	0	0	0	0
OTU2171	0	0	0	0	1	0	0	0	0
OTU2172	0	0	0	0	1	0	0	0	0
OTU2173	0	0	0	0	1	0	0	0	0
OTU2174	0	0	0	0	1	0	0	0	0
OTU2175	0	0	0	0	1	0	0	0	0
OTU2176	0	0	0	0	1	0	0	0	0
OTU2177	0	0	0	0	1	0	0	0	0
OTU2178	0	0	0	0	1	0	0	0	0
OTU2179	0	0	0	0	1	0	0	0	0
OTU2180	0	0	0	0	1	0	0	0	0
OTU2181	0	0	0	0	1	0	0	0	0
OTU2182	0	0	0	0	1	0	0	0	0
OTU2183	0	0	0	0	1	0	0	0	0
OTU2184	0	0	0	0	1	0	0	0	0
OTU2185	0	0	0	0	1	0	0	0	0
OTU2186	0	0	0	0	1	0	0	0	0
OTU2187	0	0	0	0	1	0	0	0	0
OTU2188	0	0	0	0	1	0	0	0	0
OTU2189	0	0	0	0	1	0	0	0	0
OTU2190	0	0	0	0	1	0	0	0	0
OTU2191	0	0	0	0	1	0	0	0	0
OTU2192	0	0	0	0	1	0	0	0	0
OTU2193	0	0	0	0	1	0	0	0	0
OTU2194	0	0	0	0	1	0	0	0	0
OTU2195	0	0	0	0	1	0	0	0	0
OTU2196	0	0	0	0	1	0	0	0	0
OTU2197	0	0	0	0	1	0	0	0	0
OTU2198	0	0	0	0	1	0	0	0	0
OTU2199	0	0	0	0	1	0	0	0	0
OTU2200	0	0	0	0	1	0	0	0	0
OTU2201	0	0	0	0	1	0	0	0	0
OTU2202	0	0	0	0	1	0	0	0	0
OTU2203	0	0	0	0	1	0	0	0	0
OTU2204	0	0	0	0	1	0	0	0	0
OTU2205	0	0	0	0	1	0	0	0	0
OTU2206	0	0	0	0	1	0	0	0	0
OTU2207	0	0	0	0	1	0	0	0	0
OTU2208	0	0	0	0	1	0	0	0	0
OTU2209	0	0	0	0	1	0	0	0	0
OTU2210	0	0	0	0	1	0	0	0	0
OTU2211	0	0	0	0	1	0	0	0	0
OTU2212	0	0	0	0	1	0	0	0	0
OTU2213	0	0	0	0	1	0	0	0	0
OTU2214	0	0	0	0	1	0	0	0	0
OTU2215	0	0	0	0	1	0	0	0	0
OTU2216	0	0	0	0	1	0	0	0	0
OTU2217	0	0	0	0	1	0	0	0	0
OTU2218	0	0	0	0	1	0	0	0	0
OTU2219	0	0	0	0	1	0	0	0	0
OTU2220	0	0	0	0	1	0	0	0	0
OTU2221	0	0	0	0	1	0	0	0	0
OTU2222	0	0	0	0	1	0	0	0	0
OTU2223	0	0	0	0	1	0	0	0	0
OTU2224	0	0	0	0	1	0	0	0	0
OTU2225	0	0	0	0	1	0	0	0	0
OTU2226	0	0	0	0	1	0	0	0	0
OTU2227	0	0	0	0	1	0	0	0	0
OTU2228	0	0	0	0	1	0	0	0	0
OTU2229	0	0	0	0	1	0	0	0	0
OTU2230	0	0	0	0	1	0	0	0	0
OTU2231	0	0	0	0	1	0	0	0	0
OTU2232	0	0	0	0	1	0	0	0	0
OTU2233	0	0	0	0	1	0	0	0	0
OTU2234	0	0	0	0	1	0	0	0	0
OTU2235	0	0	0	0	1	0	0	0	0
OTU2236	0	0	0	0	1	0	0	0	0
OTU2237	0	0	0	0	1	0	0	0	0
OTU2238	0	0	0	0	1	0	0	0	0
OTU2239	0	0	0	0	1	0	0	0	0
OTU2240	0	0	0	0	1	0	0	0	0
OTU2241	0	0	0	0	1	0	0	0	0
OTU2242	0	0	0	0	1	0	0	0	0
OTU2243	0	0	0	0	1	0	0	0	0
OTU2244	0	0	0	0	1	0	0	0	0
OTU2245	0	0	0	0	1	0	0	0	0
OTU2246	0	0	0	0	1	0	0	0	0
OTU2247	0	0	0	0	1	0	0	0	0
OTU2248	0	0	0	0	1	0	0	0	0
OTU2249	0	0	0	0	1	0	0	0	0
OTU2250	0	0	0	0	1	0	0	0	0
OTU2251	0	0	0	0	1	0	0	0	0
OTU2252	0	0	0	0	1	0	0	0	0
OTU2253	0	0	0	0	1	0	0	0	0
OTU2254	0	0	0	0	1	0	0	0	0
OTU2255	0	0	0	0	1	0	0	0	0
OTU2256	0	0	0	0	1	0	0	0	0
OTU2257	0	0	0	0	1	0	0	0	0
OTU2258	0	0	0	0	1	0	0	0	0
OTU2259	0	0	0	0	1	0	0	0	0
OTU2260	0	0	0	0	1	0	0	0	0
OTU2261	0	0	0	0	1	0	0	0	0
OTU2262	0	0	0	0	1	0	0	0	0
OTU2263	0	0	0	0	1	0	0	0	0
OTU2264	0	0	0	0	1	0	0	0	0
OTU2265	0	0	0	0	1	0	0	0	0
OTU2266	0	0	0	0	1	0	0	0	0
OTU2267	0	0	0	0	1	0	0	0	0
OTU2268	0	0	0	0	1	0	0	0	0
OTU2269	0	0	0	0	1	0	0	0	0
OTU2270	0	0	0	0	1	0	0	0	0
OTU2271	0	0	0	0	1	0	0	0	0
OTU2272	0	0	0	0	1	0	0	0	0
OTU2273	0	0	0	0	1	0	0	0	0
OTU2274	0	0	0	0	1	0	0	0	0
OTU2275	0	0	0	0	1	0	0	0	0
OTU2276	0	0	0	0	1	0	0	0	0
OTU2277	0	0	0	0	1	0	0	0	0
OTU2278	0	0	0	0	1	0	0	0	0
OTU2279	0	0	0	0	1	0	0	0	0
OTU2280	0	0	0	0	1	0	0	0	0
OTU2281	0	0	0	0	1	0	0	0	0
OTU2282	0	0	0	0	1	0	0	0	0
OTU2283	0	0	0	0	1	0	0	0	0
OTU2320	0	0	0	1	0	0	0	0	0
OTU2321	0	0	0	1	0	0	0	0	0
OTU2322	0	0	0	1	0	0	0	0	0
OTU2323	0	0	0	1	0	0	0	0	0
OTU2324	0	0	0	1	0	0	0	0	0
OTU2325	0	0	0	1	0	0	0	0	0
OTU2326	0	0	0	1	0	0	0	0	0
OTU2327	0	0	0	1	0	0	0	0	0
OTU2328	0	0	0	1	0	0	0	0	0
OTU2329	0	0	0	1	0	0	0	0	0
OTU2330	0	0	0	1	0	0	0	0	0
OTU2331	0	0	0	1	0	0	0	0	0
OTU2332	0	0	0	1	0	0	0	0	0
OTU2333	0	0	0	1	0	0	0	0	0
OTU2334	0	0	0	1	0	0	0	0	0
OTU2335	0	0	0	1	0	0	0	0	0
OTU2336	0	0	0	1	0	0	0	0	0
OTU2337	0	0	0	1	0	0	0	0	0
OTU2338	0	0	0	1	0	0	0	0	0
OTU2339	0	0	0	1	0	0	0	0	0
OTU2340	0	0	0	1	0	0	0	0	0
OTU2341	0	0	0	1	0	0	0	0	0
OTU2342	0	0	0	1	0	0	0	0	0
OTU2343	0	0	0	1	0	0	0	0	0
OTU2344	0	0	0	1	0	0	0	0	0
OTU2345	0	0	0	1	0	0	0	0	0
OTU2346	0	0	0	1	0	0	0	0	0
OTU2347	0	0	0	1	0	0	0	0	0
OTU2348	0	0	0	1	0	0	0	0	0
OTU2349	0	0	0	1	0	0	0	0	0
OTU2350	0	0	0	1	0	0	0	0	0
OTU2351	0	0	0	1	0	0	0	0	0
OTU2352	0	0	0	1	0	0	0	0	0
OTU2353	0	0	0	1	0	0	0	0	0
OTU2354	0	0	0	1	0	0	0	0	0
OTU2355	0	0	0	1	0	0	0	0	0
OTU2356	0	0	0	1	0	0	0	0	0
OTU2357	0	0	0	1	0	0	0	0	0
OTU2358	0	0	0	1	0	0	0	0	0
OTU2359	0	0	0	1	0	0	0	0	0
OTU2360	0	0	0	1	0	0	0	0	0
OTU2361	0	0	0	1	0	0	0	0	0
OTU2362	0	0	0	1	0	0	0	0	0
OTU2363	0	0	0	1	0	0	0	0	0
OTU2364	0	0	0	1	0	0	0	0	0
OTU2365	0	0	0	1	0	0	0	0	0
OTU2366	0	0	0	1	0	0	0	0	0
OTU2367	0	0	0	1	0	0	0	0	0
OTU2368	0	0	0	1	0	0	0	0	0
OTU2369	0	0	0	1	0	0	0	0	0
OTU2370	0	0	0	1	0	0	0	0	0
OTU2371	0	0	0	1	0	0	0	0	0
OTU2372	0	0	0	1	0	0	0	0	0
OTU2373	0	0	0	1	0	0	0	0	0
OTU2374	0	0	0	1	0	0	0	0	0
OTU2375	0	0	0	1	0	0	0	0	0
OTU2376	0	0	0	1	0	0	0	0	0
OTU2377	0	0	0	1	0	0	0	0	0
OTU2378	0	0	0	1	0	0	0	0	0
OTU2379	0	0	0	1	0	0	0	0	0
OTU2380	0	0	0	1	0	0	0	0	0
OTU2381	0	0	0	1	0	0	0	0	0
OTU2382	0	0	0	1	0	0	0	0	0
OTU2383	0	0	0	1	0	0	0	0	0
OTU2384	0	0	0	1	0	0	0	0	0
OTU2385	0	0	0	1	0	0	0	0	0
OTU2386	0	0	0	1	0	0	0	0	0
OTU2387	0	0	0	1	0	0	0	0	0
OTU2388	0	0	0	1	0	0	0	0	0
OTU2389	0	0	0	1	0	0	0	0	0
OTU2390	0	0	0	1	0	0	0	0	0
OTU2391	0	0	0	1	0	0	0	0	0
OTU2392	0	0	0	1	0	0	0	0	0
OTU2393	0	0	0	1	0	0	0	0	0
OTU2394	0	0	0	1	0	0	0	0	0
OTU2395	0	0	0	1	0	0	0	0	0
OTU2396	0	0	0	1	0	0	0	0	0
OTU2397	0	0	0	1	0	0	0	0	0
OTU2398	0	0	0	1	0	0	0	0	0
OTU2399	0	0	0	1	0	0	0	0	0
OTU2400	0	0	0	1	0	0	0	0	0
OTU2401	0	0	0	1	0	0	0	0	0
OTU2402	0	0	0	1	0	0	0	0	0
OTU2403	0	0	0	1	0	0	0	0	0
OTU2404	0	0	0	1	0	0	0	0	0
OTU2405	0	0	0	1	0	0	0	0	0
OTU2406	0	0	0	1	0	0	0	0	0
OTU2407	0	0	0	1	0	0	0	0	0
OTU2408	0	0	0	1	0	0	0	0	0
OTU2409	0	0	0	1	0	0	0	0	0
OTU2410	0	0	0	1	0	0	0	0	0
OTU2411	0	0	0	1	0	0	0	0	0
OTU2412	0	0	0	1	0	0	0	0	0
OTU2413	0	0	0	1	0	0	0	0	0
OTU2414	0	0	0	1	0	0	0	0	0
OTU2415	0	0	0	1	0	0	0	0	0
OTU2416	0	0	0	1	0	0	0	0	0
OTU2417	0	0	0	1	0	0	0	0	0
OTU2418	0	0	0	1	0	0	0	0	0
OTU2419	0	0	0	1	0	0	0	0	0
OTU2420	0	0	0	1	0	0	0	0	0
OTU2421	0	0	0	1	0	0	0	0	0
OTU2422	0	0	0	1	0	0	0	0	0
OTU2423	0	0	0	1	0	0	0	0	0
OTU2424	0	0	0	1	0	0	0	0	0
OTU2425	0	0	0	1	0	0	0	0	0
OTU2426	0	0	0	1	0	0	0	0	0
OTU2427	0	0	0	1	0	0	0	0	0
OTU2428	0	0	0	1	0	0	0	0	0
OTU2429	0	0	0	1	0	0	0	0	0
OTU2430	0	0	0	1	0	0	0	0	0
OTU2431	0	0	0	1	0	0	0	0	0
OTU2432	0	0	0	1	0	0	0	0	0
OTU2433	0	0	0	1	0	0	0	0	0
OTU2434	0	0	0	1	0	0	0	0	0
OTU2435	0	0	0	1	0	0	0	0	0
OTU2436	0	0	0	1	0	0	0	0	0
OTU2437	0	0	0	1	0	0	0	0	0
OTU2438	0	0	0	1	0	0	0	0	0
OTU2439	0	0	0	1	0	0	0	0	0
OTU2440	0	0	0	1	0	0	0	0	0
OTU2441	0	0	0	1	0	0	0	0	0
OTU2442	0	0	0	1	0	0	0	0	0
OTU2443	0	0	0	1	0	0	0	0	0
OTU2444	0	0	0	1	0	0	0	0	0
OTU2445	0	0	0	1	0	0	0	0	0
OTU2446	0	0	0	1	0	0	0	0	0
OTU2447	0	0	0	1	0	0	0	0	0
OTU2448	0	0	0	1	0	0	0	0	0
OTU2449	0	0	0	1	0	0	0	0	0
OTU2450	0	0	0	1	0	0	0	0	0
OTU2451	0	0	0	1	0	0	0	0	0
OTU2452	0	0	0	1	0	0	0	0	0
OTU2453	0	0	0	1	0	0	0	0	0
OTU2454	0	0	0	1	0	0	0	0	0
OTU2455	0	0	0	1	0	0	0	0	0
OTU2456	0	0	0	1	0	0	0	0	0
OTU2457	0	0	0	1	0	0	0	0	0
OTU2458	0	0	0	1	0	0	0	0	0
OTU2459	0	0	0	1	0	0	0	0	0
OTU2460	0	0	0	1	0	0	0	0	0
OTU2461	0	0	0	1	0	0	0	0	0
OTU2462	0	0	0	1	0	0	0	0	0
OTU2463	0	0	0	1	0	0	0	0	0
OTU2464	0	0	0	1	0	0	0	0	0
OTU2465	0	0	0	1	0	0	0	0	0
OTU2466	0	0	0	1	0	0	0	0	0
OTU2467	0	0	0	1	0	0	0	0	0
OTU2468	0	0	0	1	0	0	0	0	0
OTU2469	0	0	0	1	0	0	0	0	0
OTU2523	0	0	1	0	0	0	0	0	0
OTU2524	0	0	1	0	0	0	0	0	0
OTU2525	0	0	1	0	0	0	0	0	0
OTU2526	0	0	1	0	0	0	0	0	0
OTU2527	0	0	1	0	0	0	0	0	0
OTU2528	0	0	1	0	0	0	0	0	0
OTU2529	0	0	1	0	0	0	0	0	0
OTU2530	0	0	1	0	0	0	0	0	0
OTU2531	0	0	1	0	0	0	0	0	0
OTU2532	0	0	1	0	0	0	0	0	0
OTU2533	0	0	1	0	0	0	0	0	0
OTU2534	0	0	1	0	0	0	0	0	0
OTU2535	0	0	1	0	0	0	0	0	0
OTU2536	0	0	1	0	0	0	0	0	0
OTU2537	0	0	1	0	0	0	0	0	0
OTU2538	0	0	1	0	0	0	0	0	0
OTU2539	0	0	1	0	0	0	0	0	0
OTU2540	0	0	1	0	0	0	0	0	0
OTU2541	0	0	1	0	0	0	0	0	0
OTU2542	0	0	1	0	0	0	0	0	0
OTU2543	0	0	1	0	0	0	0	0	0
OTU2544	0	0	1	0	0	0	0	0	0
OTU2545	0	0	1	0	0	0	0	0	0
OTU2546	0	0	1	0	0	0	0	0	0
OTU2547	0	0	1	0	0	0	0	0	0
OTU2548	0	0	1	0	0	0	0	0	0
OTU2549	0	0	1	0	0	0	0	0	0
OTU2550	0	0	1	0	0	0	0	0	0
OTU2551	0	0	1	0	0	0	0	0	0
OTU2552	0	0	1	0	0	0	0	0	0
OTU2553	0	0	1	0	0	0	0	0	0
OTU2554	0	0	1	0	0	0	0	0	0
OTU2555	0	0	1	0	0	0	0	0	0
OTU2556	0	0	1	0	0	0	0	0	0
OTU2557	0	0	1	0	0	0	0	0	0
OTU2558	0	0	1	0	0	0	0	0	0
OTU2559	0	0	1	0	0	0	0	0	0
OTU2560	0	0	1	0	0	0	0	0	0
OTU2561	0	0	1	0	0	0	0	0	0
OTU2562	0	0	1	0	0	0	0	0	0
OTU2563	0	0	1	0	0	0	0	0	0
OTU2564	0	0	1	0	0	0	0	0	0
OTU2565	0	0	1	0	0	0	0	0	0
OTU2566	0	0	1	0	0	0	0	0	0
OTU2567	0	0	1	0	0	0	0	0	0
OTU2568	0	0	1	0	0	0	0	0	0
OTU2569	0	0	1	0	0	0	0	0	0
OTU2570	0	0	1	0	0	0	0	0	0
OTU2571	0	0	1	0	0	0	0	0	0
OTU2572	0	0	1	0	0	0	0	0	0
OTU2573	0	0	1	0	0	0	0	0	0
OTU2574	0	0	1	0	0	0	0	0	0
OTU2575	1	0	1	0	0	0	0	0	0
OTU2576	1	0	1	0	0	0	0	0	0
OTU2577	1	0	1	0	0	0	0	0	0
OTU2578	1	0	1	0	0	0	0	0	0
OTU2579	1	0	1	0	0	0	0	0	0
OTU2580	1	0	1	0	0	0	0	0	0
OTU2581	1	0	1	0	0	0	0	0	0
OTU2582	1	0	1	0	0	0	0	0	0
OTU2583	1	0	1	0	0	0	0	0	0
OTU2584	1	0	1	0	0	0	0	0	0
OTU2585	1	0	1	0	0	0	0	0	0
OTU2586	1	0	1	0	0	0	0	0	0
OTU2587	1	0	1	0	0	0	0	0	0
OTU2588	1	0	1	0	0	0	0	0	0
OTU2589	1	0	1	0	0	0	0	0	0
OTU2590	1	0	1	0	0	0	0	0	0
OTU2591	1	0	1	0	0	0	0	0	0
OTU2592	1	0	1	0	0	0	0	0	0
OTU2593	1	0	1	0	0	0	0	0	0
OTU2594	1	0	1	0	0	0	0	0	0
OTU2595	1	0	1	0	0	0	0	0	0
OTU2596	1	0	1	0	0	0	0	0	0
OTU2597	1	0	1	0	0	0	0	0	0
OTU2598	1	0	1	0	0	0	0	0	0
OTU2599	1	0	1	0	0	0	0	0	0
OTU2600	1	0	1	0	0	0	0	0	0
OTU2601	1	0	1	0	0	0	0	0	0
OTU2602	1	0	1	0	0	0	0	0	0
OTU2603	1	0	1	0	0	0	0	0	0
OTU2604	1	0	1	0	0	0	0	0	0
OTU2605	1	0	1	0	0	0	0	0	0
OTU2606	1	0	1	0	0	0	0	0	0
OTU2607	1	0	1	0	0	0	0	0	0
OTU2608	1	0	1	0	0	0	0	0	0
OTU2609	1	0	1	0	0	0	0	0	0
OTU2610	1	0	1	0	0	0	0	0	0
OTU2611	1	0	1	0	0	0	0	0	0
OTU2612	1	0	1	0	0	0	0	0	0
OTU2613	0	0	0	0	0	0	1	0	0
OTU2614	0	0	0	0	0	0	1	0	0
OTU2615	0	0	0	0	0	0	1	0	0
OTU2616	0	0	0	0	0	0	1	0	0
OTU2617	0	0	0	0	0	0	1	0	0
OTU2618	0	0	0	0	0	0	1	0	0
OTU2619	0	0	0	0	0	0	1	0	0
OTU2620	0	0	0	0	0	0	1	0	0
OTU2621	0	0	0	0	0	0	1	0	0
OTU2622	0	0	0	0	0	0	1	0	0
OTU2623	0	0	0	0	0	0	1	0	0
OTU2624	0	0	0	0	0	0	1	0	0
OTU2625	0	0	0	0	0	0	1	0	0
OTU2626	0	0	0	0	0	0	1	0	0
OTU2627	0	0	0	0	0	0	1	0	0
OTU2628	0	0	0	0	0	0	1	0	0
OTU2629	0	0	0	0	0	0	1	0	0
OTU2630	0	0	0	0	0	0	1	0	0
OTU2631	0	0	0	0	0	0	1	0	0
OTU2632	0	0	0	0	0	0	1	0	0
OTU2633	0	0	0	0	0	0	1	0	0
OTU2634	0	0	0	0	0	0	1	0	0
OTU2635	0	0	0	0	0	0	1	0	0
OTU2636	0	0	0	0	0	0	1	0	0
OTU2637	0	0	0	0	0	0	1	0	0
OTU2638	0	0	0	0	0	0	1	0	0
OTU2639	0	0	0	0	0	0	1	0	0
OTU2640	0	0	0	0	0	0	1	0	0
OTU2641	0	0	0	0	0	0	1	0	0
OTU2642	0	0	0	0	0	0	1	0	0
OTU2643	0	0	0	0	0	0	1	0	0
OTU2644	0	0	0	0	0	0	1	0	0
OTU2645	0	0	0	0	0	0	1	0	0
OTU2646	0	0	0	0	0	0	1	0	0
OTU2647	0	0	0	0	0	0	1	0	0
OTU2648	0	0	0	0	0	0	1	0	0
OTU2649	0	0	0	0	0	0	1	0	0
OTU2650	0	0	0	0	0	0	1	0	0
OTU2651	0	0	0	0	0	0	1	0	0
OTU2652	0	0	0	0	0	0	1	0	0
OTU2653	0	0	0	0	0	0	1	0	0
OTU2654	0	0	0	0	0	0	1	0	0
OTU2655	0	0	0	0	0	0	1	0	0
OTU2656	0	0	0	0	0	0	1	0	0
OTU2657	0	0	0	0	0	0	1	0	0
OTU2658	0	0	0	0	0	0	1	0	0
OTU2659	0	0	0	0	0	0	1	0	0
OTU2660	0	0	0	0	0	0	1	0	0
OTU2661	0	0	0	0	0	0	1	0	0
OTU2662	0	0	0	0	0	0	1	0	0
OTU2663	0	0	0	0	0	0	1	0	0
OTU2664	0	0	0	0	0	0	1	0	0
OTU2665	0	0	0	0	0	0	1	0	0
OTU2666	0	0	0	0	0	0	1	0	0
OTU2667	0	0	0	0	0	0	1	0	0
OTU2668	0	0	0	0	0	0	1	0	0
OTU2669	0	0	0	0	0	0	1	0	0
OTU2670	0	0	0	0	0	0	1	0	0
OTU2671	0	0	0	0	0	0	1	0	0
OTU2672	0	0	0	0	0	0	1	0	0
OTU2673	0	0	0	0	0	0	1	0	0
OTU2674	0	0	0	0	0	0	1	0	0
OTU2675	0	0	0	0	0	0	1	0	0
OTU2676	0	0	0	0	0	0	1	0	0
OTU2677	0	0	0	0	0	0	1	0	0
OTU2678	0	0	0	0	0	0	1	0	0
OTU2679	0	0	0	0	0	0	1	0	0
OTU2680	0	0	0	0	0	0	1	0	0
OTU2681	0	0	0	0	0	0	1	0	0
OTU2682	0	0	0	0	0	0	1	0	0
OTU2683	0	0	0	0	0	0	1	0	0
OTU2684	0	0	0	0	0	0	1	0	0
OTU2685	0	0	0	0	0	0	1	0	0
OTU2686	0	0	0	0	0	0	1	0	0
OTU2687	0	0	0	0	0	0	1	0	0
OTU2688	0	0	0	0	0	0	1	0	0
OTU2689	0	0	0	0	0	0	1	0	0
OTU2690	0	0	0	0	0	0	1	0	0
OTU2691	0	0	0	0	0	0	1	0	0
OTU2692	0	0	0	0	0	0	1	0	0
OTU2693	0	0	0	0	0	0	1	0	0
OTU2694	0	0	0	0	0	0	1	0	0
OTU2695	0	0	0	0	0	0	1	0	0
OTU2696	0	0	0	0	0	0	1	0	0
OTU2697	0	0	0	0	0	0	1	0	0
OTU2698	0	0	0	0	0	0	1	0	0
OTU2699	0	0	0	0	0	0	1	0	0
OTU2700	0	0	0	0	0	0	1	0	0
OTU2701	0	0	0	0	0	0	1	0	0
OTU2702	0	0	0	0	0	0	1	0	0
OTU2703	0	0	0	0	0	0	1	0	0
OTU2704	0	0	0	0	0	0	1	0	0
OTU2705	0	0	0	0	0	0	1	0	0
OTU2706	0	0	0	0	0	0	1	0	0
OTU2707	0	0	0	0	0	0	1	0	0
OTU2708	0	0	0	0	0	0	1	0	0
OTU2709	0	0	0	0	0	0	1	0	0
OTU2710	0	0	0	0	0	0	1	0	0
OTU2711	0	0	0	0	0	0	1	0	0
OTU2712	0	0	0	0	0	0	1	0	0
OTU2713	0	0	0	0	0	0	1	0	0
OTU2714	0	0	0	0	0	0	1	0	0
OTU2739	0	0	0	0	0	0	1	0	0
OTU2740	0	0	0	0	0	0	1	0	0
OTU2741	0	0	0	0	0	0	1	0	0
OTU2742	0	0	0	0	0	0	1	0	0
OTU2743	0	0	0	0	0	0	1	0	0
OTU2744	0	0	0	0	0	0	1	0	0
OTU2745	0	0	0	0	0	0	1	0	0
OTU2746	0	0	0	0	0	0	1	0	0
OTU2747	0	0	0	0	0	0	1	0	0
OTU2748	0	0	0	0	0	0	1	0	0
OTU2749	0	0	0	0	0	0	1	0	0
OTU2750	0	0	0	0	0	0	1	0	0
OTU2751	0	0	0	0	0	0	1	0	0
OTU2752	0	0	0	0	0	0	1	0	0
OTU2753	0	0	0	0	0	0	1	0	0
OTU2754	0	0	0	0	0	0	1	0	0
OTU2755	0	0	0	0	0	0	1	0	0
OTU2756	0	0	0	0	0	0	1	0	0
OTU2757	0	0	0	0	0	0	1	0	0
OTU2758	0	0	0	0	0	0	1	0	0
OTU2759	0	0	0	0	0	0	1	0	0
OTU2760	0	0	0	0	0	0	1	0	0
OTU2761	0	0	0	0	0	0	1	0	0
OTU2762	0	0	0	0	0	0	1	0	0
OTU2763	0	0	0	0	0	0	1	0	0
OTU2764	0	0	0	0	0	0	1	0	0
OTU2765	0	0	0	0	0	0	1	0	0
OTU2766	0	0	0	0	0	0	1	0	0
OTU2767	0	0	0	0	0	0	1	0	0
OTU2768	0	0	0	0	0	0	1	0	0
OTU2769	0	0	0	0	0	0	1	0	0
OTU2770	0	0	0	0	0	0	1	0	0
OTU2771	0	0	0	0	0	0	1	0	0
OTU2772	0	0	0	0	0	0	1	0	0
OTU2773	0	0	0	0	0	0	1	0	0
OTU2774	0	0	0	0	0	0	1	0	0
OTU2775	0	0	0	0	0	0	1	0	0
OTU2776	0	0	0	0	0	0	1	0	0
OTU2777	0	0	0	0	0	0	1	0	0
OTU2778	0	0	0	0	0	0	1	0	0
OTU2779	0	0	0	0	0	0	1	0	0
OTU2780	0	0	0	0	0	0	1	0	0
OTU2781	0	0	0	0	0	0	1	0	0
OTU2782	0	0	0	0	0	0	1	0	0
OTU2783	0	0	0	0	0	0	1	0	0
OTU2784	0	0	0	0	0	0	1	0	0
OTU2785	0	0	0	0	0	0	1	0	0
OTU2786	0	0	0	0	0	0	1	0	0
OTU2787	0	0	0	0	0	0	1	0	0
OTU2788	0	0	0	0	0	0	1	0	0
OTU2789	0	0	0	0	0	0	1	0	0
OTU2790	0	0	0	0	0	0	1	0	0
OTU2791	0	0	0	0	0	0	1	0	0
OTU2792	0	0	0	0	0	0	1	0	0
OTU2793	0	0	0	0	0	0	1	0	0
OTU2794	0	0	0	0	0	0	1	0	0
OTU2795	0	0	0	0	0	0	1	0	0
OTU2796	0	0	0	0	0	0	1	0	0
OTU2797	0	0	0	0	0	0	1	0	0
OTU2798	0	0	0	0	0	0	1	0	0
OTU2799	0	0	0	0	0	0	1	0	0
OTU2800	0	0	0	0	0	0	1	0	0
OTU2801	0	0	0	0	0	0	1	0	0
OTU2802	0	0	0	0	0	0	1	0	0
OTU2803	0	0	0	0	0	0	1	0	0
OTU2804	0	0	0	0	0	0	1	0	0
OTU2805	0	0	0	0	0	0	1	0	0
OTU2806	0	0	0	0	0	0	1	0	0
OTU2807	0	0	0	0	0	0	1	0	0
OTU2808	0	0	0	0	0	0	1	0	0
OTU2809	0	0	0	0	0	0	1	0	0
OTU2810	0	0	0	0	0	0	1	0	0
OTU2811	0	0	0	0	0	0	1	0	0
OTU2812	0	0	0	0	0	0	1	0	0
OTU2813	0	0	0	0	0	0	1	0	0
OTU2814	0	0	0	0	0	0	1	0	0
OTU2815	0	0	0	0	0	0	1	0	0
OTU2816	0	0	0	0	0	0	1	0	0
OTU2817	0	0	0	0	0	0	1	0	0
OTU2818	0	0	0	0	0	0	1	0	0
OTU2819	0	0	0	0	0	0	1	0	0
OTU2820	0	0	0	0	0	0	1	0	0
OTU2821	0	0	0	0	0	0	1	0	0
OTU2822	0	0	0	0	0	0	1	0	0
OTU2823	0	0	0	0	0	0	1	0	0
OTU2824	0	0	0	0	0	0	1	0	0
OTU2825	0	0	0	0	0	0	1	0	0
OTU2826	0	0	0	0	0	0	1	0	0
OTU2827	0	0	0	0	0	0	1	0	0
OTU2828	0	0	0	0	0	0	1	0	0
OTU2829	0	0	0	0	0	0	1	0	0
OTU2830	0	0	0	0	0	0	1	0	0
OTU2831	0	0	0	0	0	0	1	0	0
OTU2832	0	0	0	0	0	0	1	0	0
OTU2833	0	0	0	0	0	0	1	0	0
OTU2834	0	0	0	0	0	0	1	0	0
OTU2835	0	0	0	0	0	0	1	0	0
OTU2836	0	0	0	0	0	0	1	0	0
OTU2837	0	0	0	0	0	0	1	0	0
OTU2838	0	0	0	0	0	0	1	0	0
OTU2839	0	0	0	0	0	0	1	0	0
OTU2840	0	0	0	0	0	0	1	0	0
OTU2841	0	0	0	0	0	0	1	0	0
OTU2842	0	0	0	0	0	0	1	0	0
OTU2843	0	0	0	0	0	0	1	0	0
OTU2844	0	0	0	0	0	0	1	0	0
OTU2845	0	0	0	0	0	0	1	0	0
OTU2846	0	0	0	0	0	0	1	0	0
OTU2847	0	0	0	0	0	0	1	0	0
OTU2848	0	0	0	0	0	0	1	0	0
OTU2849	0	0	0	0	0	0	1	0	0
OTU2850	0	0	0	0	0	0	1	0	0
OTU2851	0	0	0	0	0	0	1	0	0
OTU2852	0	0	0	0	0	0	1	0	0
OTU2853	0	0	0	0	0	0	1	0	0
OTU2854	0	0	0	0	0	0	1	0	0
OTU2855	0	0	0	0	0	0	1	0	0
OTU2856	0	0	0	0	0	0	1	0	0
OTU2857	0	0	0	0	0	0	1	0	0
OTU2858	0	0	0	0	0	0	1	0	0
OTU2859	0	0	0	0	0	0	1	0	0
OTU2860	0	0	0	0	0	0	1	0	0
OTU2861	0	0	0	0	0	0	1	0	0
OTU2862	0	0	0	0	0	0	1	0	0
OTU2863	0	0	0	0	0	0	1	0	0
OTU2864	0	0	0	0	0	0	1	0	0
OTU2865	0	0	0	0	0	0	1	0	0
OTU2866	0	0	0	0	0	0	1	0	0
OTU2867	0	0	0	0	0	0	1	0	0
OTU2868	0	0	0	0	0	0	1	0	0
OTU2869	0	0	0	0	0	0	1	0	0
OTU2870	0	0	0	0	0	0	1	0	0
OTU2871	0	0	0	0	0	0	1	0	0
OTU2872	0	0	0	0	0	0	1	0	0
OTU2873	0	0	0	0	0	0	1	0	0
OTU2874	0	0	0	0	0	0	1	0	0
OTU2875	0	0	0	0	0	0	1	0	0
OTU2876	0	0	0	0	0	0	1	0	0
OTU2877	0	0	0	0	0	0	1	0	0
OTU2878	0	0	0	0	0	0	1	0	0
OTU2879	0	0	0	0	0	0	1	0	0
OTU2880	0	0	0	0	0	0	1	0	0
OTU2881	0	0	0	0	0	0	1	0	0
OTU2882	0	0	0	0	0	0	1	0	0
OTU2883	0	0	0	0	0	0	1	0	0
OTU2884	0	0	0	0	0	0	1	0	0
OTU2885	0	0	0	0	0	0	1	0	0
OTU2886	0	0	0	0	0	0	1	0	0
OTU2887	0	0	0	0	0	0	1	0	0
OTU2888	0	0	0	0	0	0	1	0	0
OTU2889	0	0	0	0	0	0	1	0	0
OTU2895	0	0	0	0	0	0	1	0	0
OTU2896	0	0	0	0	0	0	1	0	0
OTU2897	0	0	0	0	0	0	1	0	0
OTU2898	0	0	0	0	0	0	1	0	0
OTU2899	0	0	0	0	0	0	1	0	0
OTU2900	0	0	0	0	0	0	1	0	0
OTU2901	0	0	0	0	0	0	1	0	0
OTU2902	0	0	0	0	0	0	1	0	0
OTU2903	0	0	0	0	0	0	1	0	0
OTU2904	0	0	0	0	0	0	1	0	0
OTU2905	0	0	0	0	0	0	1	0	0
OTU2906	0	0	0	0	0	0	1	0	0
OTU2907	0	0	0	0	0	0	1	0	0
OTU2908	0	0	0	0	0	0	1	0	0
OTU2909	0	0	0	0	0	0	1	0	0
OTU2910	0	0	0	0	0	0	1	0	0
OTU2911	0	0	0	0	0	0	1	0	0
OTU2912	0	0	0	0	0	0	1	0	0
OTU2913	0	0	0	0	0	0	1	0	0
OTU2914	0	0	0	0	0	0	1	0	0
OTU2915	0	0	0	0	0	0	1	0	0
OTU2916	0	0	0	0	0	0	1	0	0
OTU2917	0	0	0	0	0	0	1	0	0
OTU2918	0	0	0	0	0	0	1	0	0
OTU2919	0	0	0	0	0	0	1	0	0
OTU2920	0	0	0	0	0	0	1	0	0
OTU2921	0	0	0	0	0	0	1	0	0
OTU2922	0	0	0	0	0	0	1	0	0
OTU2923	0	0	0	0	0	0	1	0	0
OTU2924	0	0	0	0	0	0	1	0	0
OTU2925	0	0	0	0	0	0	1	0	0
OTU2926	0	0	0	0	0	0	1	0	0
OTU2927	0	0	0	0	0	0	1	0	0
OTU2928	0	0	0	0	0	0	1	0	0
OTU2929	0	0	0	0	0	0	1	0	0
OTU2930	0	0	0	0	0	0	1	0	0
OTU2931	0	0	0	0	0	0	1	0	0
OTU2932	0	0	0	0	0	0	1	0	0
OTU2933	0	0	0	0	0	0	1	0	0
OTU2934	0	0	0	0	0	0	1	0	0
OTU2935	0	0	0	0	0	0	1	0	0
OTU2936	0	0	0	0	0	0	1	0	0
OTU2937	0	0	0	0	0	0	1	0	0
OTU2938	0	0	0	0	0	0	1	0	0
OTU2939	0	0	0	0	0	0	1	0	0
OTU2940	0	0	0	0	0	0	1	0	0
OTU2941	0	0	0	0	0	0	1	0	0
OTU2942	0	0	0	0	0	0	1	0	0
OTU2943	0	0	0	0	0	0	1	0	0
OTU2944	0	0	0	0	0	0	1	0	0
OTU2945	0	0	0	0	0	0	1	0	0
OTU2946	0	0	0	0	0	0	1	0	0
OTU2947	0	0	0	0	0	0	1	0	0
OTU2948	0	0	0	0	0	0	1	0	0
OTU2949	0	0	0	0	0	0	1	0	0
OTU2950	0	0	0	0	0	0	1	0	0
OTU2951	0	0	0	0	0	0	1	0	0
OTU2952	0	0	0	0	0	0	1	0	0
OTU2953	0	0	0	0	0	0	1	0	0
OTU2954	0	0	0	0	0	0	1	0	0
OTU2955	0	0	0	0	0	0	1	0	0
OTU2956	0	0	0	0	0	0	1	0	0
OTU2957	0	0	0	0	0	0	1	0	0
OTU2958	0	0	0	0	0	0	1	0	0
OTU2959	0	0	0	0	0	0	1	0	0
OTU2960	0	0	0	0	0	0	1	0	0
OTU2961	0	0	0	0	0	0	1	0	0
OTU2962	0	0	0	0	0	0	1	0	0
OTU2963	0	0	0	0	0	0	1	0	0
OTU2964	0	0	0	0	0	0	1	0	0
OTU2965	0	0	0	0	0	0	1	0	0
OTU2966	0	0	0	0	0	0	1	0	0
OTU2967	0	0	0	0	0	0	1	0	0
OTU2968	0	0	0	0	0	0	1	0	0
OTU2969	0	0	0	0	0	0	1	0	0
OTU2970	0	0	0	0	0	0	1	0	0
OTU2971	0	0	0	0	0	0	1	0	0
OTU2972	0	0	0	0	0	0	1	0	0
OTU2973	0	0	0	0	0	0	1	0	0
OTU2974	0	0	0	0	0	0	1	0	0
OTU2975	0	0	0	0	0	0	1	0	0
OTU2976	0	0	0	0	0	0	1	0	0
OTU2977	0	0	0	0	0	0	1	0	0
OTU2978	0	0	0	0	0	0	1	0	0
OTU2979	0	0	0	0	0	0	1	0	0
OTU2980	0	0	0	0	0	0	1	0	0
OTU2981	0	0	0	0	0	0	1	0	0
OTU2982	0	0	0	0	0	0	1	0	0
OTU2983	0	0	0	0	0	0	1	0	0
OTU2984	0	0	0	0	0	0	1	0	0
OTU2985	0	0	0	0	0	0	1	0	0
OTU2986	0	0	0	0	0	0	1	0	0
OTU2987	0	0	0	0	0	0	1	0	0
OTU2988	0	0	0	0	0	0	1	0	0
OTU2989	0	0	0	0	0	0	1	0	0
OTU2990	0	0	0	0	0	0	1	0	0
OTU2991	0	0	0	0	0	0	1	0	0
OTU2992	0	0	0	0	0	0	1	0	0
OTU2993	0	0	0	0	0	0	1	0	0
OTU2994	0	0	0	0	0	0	1	0	0
OTU2995	0	0	0	0	0	0	1	0	0
OTU2996	0	0	0	0	0	0	1	0	0
OTU2997	0	0	0	0	0	0	1	0	0
OTU2998	0	0	0	0	0	0	1	0	0
OTU2999	0	0	0	0	0	0	1	0	0
OTU3000	0	0	0	0	0	0	1	0	0
OTU3001	0	0	0	0	0	0	1	0	0
OTU3002	0	0	0	0	0	0	1	0	0
OTU3003	0	0	0	0	0	0	1	0	0
OTU3004	0	0	0	0	0	0	1	0	0
OTU3005	0	0	0	0	0	0	1	0	0
OTU3006	0	0	0	0	0	0	1	0	0
OTU3007	0	0	0	0	0	0	1	0	0
OTU3008	0	0	0	0	0	0	1	0	0
OTU3009	0	0	0	0	0	0	1	0	0